1 0.38984375 0.4140625 0.2546875 0.584375
1 0.62265625 0.4109375 0.2390625 0.58125
2 0.3953125 0.15 0.084375 0.05
2 0.4859375 0.4515625 0.7375 0.6625
2 0.48203125 0.734375 0.2640625 0.0875
2 0.61796875 0.1640625 0.0828125 0.05
2 0.71796875 0.7109375 0.2109375 0.071875
2 0.5875 0.7265625 0.475 0.103125
4 0.609375 0.36484375 0.1625 0.2515625
4 0.409375 0.38671875 0.159375 0.2046875
4 0.509375 0.38046875 0.359375 0.2203125
4 0.384375 0.5484375 0.196875 0.125
4 0.61328125 0.54609375 0.1421875 0.1171875