3 0.315625 0.3625 0.196875 0.353125
1 0.54609375 0.62421875 0.4328125 0.5453125
1 0.3578125 0.52421875 0.3875 0.5515625
2 0.2375 0.740625 0.090625 0.08125
2 0.55 0.5 0.746875 0.753125
2 0.628125 0.30390625 0.253125 0.1203125
2 0.42734375 0.85546875 0.0890625 0.0734375
2 0.409375 0.20703125 0.215625 0.1203125
2 0.728125 0.66171875 0.025 0.0265625
2 0.52734375 0.25234375 0.4578125 0.2234375
4 0.51328125 0.67109375 0.2421875 0.2953125
4 0.3359375 0.5671875 0.240625 0.275
4 0.60859375 0.51328125 0.1734375 0.1328125
4 0.40078125 0.40859375 0.1703125 0.1578125
4 0.53046875 0.64609375 0.1640625 0.1859375
4 0.28359375 0.66875 0.1453125 0.09375
4 0.3328125 0.5703125 0.125 0.13125
4 0.51796875 0.640625 0.0984375 0.10625
4 0.42890625 0.6265625 0.4265625 0.384375