1 0.35078125 0.40390625 0.3421875 0.6859375
1 0.665625 0.409375 0.3375 0.696875
2 0.64140625 0.49921875 0.1578125 0.0390625
2 0.5140625 0.77578125 0.228125 0.0921875
2 0.67578125 0.36484375 0.2828125 0.3671875
4 0.346875 0.384375 0.2 0.221875
4 0.6578125 0.3953125 0.184375 0.25
4 0.34609375 0.45625 0.2546875 0.446875
4 0.5125 0.4484375 0.596875 0.50625
4 0.65078125 0.43359375 0.1609375 0.1078125
4 0.75703125 0.59140625 0.1109375 0.2171875
4 0.34765625 0.42421875 0.1828125 0.1171875
4 0.33828125 0.57734375 0.2265625 0.1078125
4 0.65859375 0.5890625 0.3078125 0.221875