0 0.56328125 0.5875 0.6765625 0.671875
1 0.4 0.55234375 0.34375 0.6015625
1 0.73359375 0.60625 0.3328125 0.63125
2 0.38125 0.39375 0.1 0.046875
2 0.77265625 0.44609375 0.1609375 0.0671875
2 0.75234375 0.45859375 0.1015625 0.0390625
2 0.028125 0.20234375 0.05625 0.0421875
2 0.36171875 0.38515625 0.1484375 0.0671875
4 0.715625 0.5984375 0.253125 0.253125
4 0.4109375 0.540625 0.246875 0.25
4 0.70859375 0.68125 0.1859375 0.078125
4 0.70546875 0.79609375 0.2359375 0.1703125
4 0.42734375 0.5875 0.1765625 0.134375
4 0.43359375 0.7265625 0.2265625 0.153125
4 0.56640625 0.57734375 0.5484375 0.2953125
4 0.7140625 0.59453125 0.196875 0.0546875