1 0.27421875 0.4578125 0.4765625 0.56875
1 0.53359375 0.5828125 0.5296875 0.49375
2 0.3171875 0.315625 0.090625 0.08125
2 0.65859375 0.48125 0.1109375 0.09375
2 0.31640625 0.28984375 0.1328125 0.1421875
2 0.63828125 0.45078125 0.1671875 0.1578125
2 0.86875 0.83203125 0.259375 0.3328125
4 0.28515625 0.4375 0.2921875 0.315625
4 0.57421875 0.54375 0.3609375 0.340625
4 0.5125 0.590625 0.225 0.240625
4 0.5046875 0.603125 0.15 0.146875
4 0.2484375 0.49921875 0.15625 0.1359375
4 0.2640625 0.44921875 0.146875 0.1609375