1 0.53984375 0.4140625 0.5234375 0.503125
1 0.271875 0.52421875 0.459375 0.5734375
2 0.65 0.51953125 0.0875 0.0765625
2 0.30546875 0.67265625 0.0859375 0.0734375
2 0.3046875 0.69765625 0.134375 0.1390625
4 0.2859375 0.5515625 0.29375 0.315625
4 0.57734375 0.45625 0.3515625 0.3375
4 0.521875 0.4046875 0.23125 0.23125
4 0.44453125 0.29609375 0.2234375 0.2015625
4 0.4921875 0.36484375 0.165625 0.1453125
4 0.228125 0.471875 0.175 0.15
4 0.27109375 0.5484375 0.1859375 0.171875
4 0.5265625 0.41015625 0.153125 0.1421875