1 0.35390625 0.5171875 0.3890625 0.7125
1 0.66015625 0.48125 0.4078125 0.75
1 0.46484375 0.3328125 0.9265625 0.6625
2 0.44921875 0.11953125 0.2828125 0.1546875
2 0.74765625 0.76328125 0.1296875 0.1296875
2 0.41953125 0.7984375 0.0765625 0.05625
2 0.41875 0.79296875 0.1125 0.1078125
2 0.75078125 0.76796875 0.0796875 0.0609375
4 0.384375 0.61328125 0.240625 0.3328125
4 0.62578125 0.30703125 0.2171875 0.2046875
4 0.33046875 0.36796875 0.2203125 0.1890625
4 0.37890625 0.59375 0.1890625 0.165625
4 0.36015625 0.50546875 0.1953125 0.1203125