0 0.5 0.496875 0.678125 0.45
1 0.3234375 0.49765625 0.31875 0.4359375
1 0.6765625 0.49765625 0.3125 0.4359375
4 0.3171875 0.43125 0.078125 0.196875
4 0.67890625 0.55078125 0.2859375 0.1421875
4 0.3203125 0.55546875 0.290625 0.1421875
4 0.67890625 0.428125 0.0765625 0.1875
4 0.31640625 0.70390625 0.2546875 0.0265625
4 0.68046875 0.70390625 0.2578125 0.0296875
4 0.67109375 0.70625 0.1171875 0.025
4 0.68046875 0.546875 0.2671875 0.071875
4 0.31796875 0.54921875 0.2703125 0.0546875
4 0.68515625 0.4328125 0.2546875 0.178125