0 0.5 0.496875 0.646875 0.825
1 0.328125 0.496875 0.29375 0.809375
1 0.6640625 0.49609375 0.296875 0.8109375
4 0.321875 0.74140625 0.209375 0.1703125
4 0.65078125 0.74921875 0.1734375 0.1546875
4 0.3265625 0.6265625 0.175 0.0625
4 0.32421875 0.73046875 0.1484375 0.1140625
4 0.6546875 0.72578125 0.246875 0.2515625
4 0.3234375 0.5078125 0.271875 0.328125
4 0.646875 0.6296875 0.16875 0.059375
4 0.646875 0.375 0.109375 0.0875
4 0.3375 0.26171875 0.259375 0.3078125
4 0.66484375 0.50078125 0.2734375 0.3484375
4 0.65390625 0.26328125 0.2453125 0.3203125
4 0.7578125 0.49921875 0.08125 0.3515625
4 0.6578125 0.48515625 0.1875 0.0765625
4 0.65625 0.5421875 0.20625 0.20625
4 0.3296875 0.74921875 0.2875 0.2984375