0 0.50078125 0.49609375 0.6890625 0.5234375
1 0.68671875 0.4953125 0.3078125 0.50625
1 0.315625 0.496875 0.315625 0.50625
4 0.31953125 0.57109375 0.2953125 0.1546875
4 0.3109375 0.73671875 0.253125 0.0359375
4 0.30390625 0.44453125 0.0703125 0.1796875
4 0.68203125 0.56953125 0.2859375 0.1515625
4 0.68359375 0.4453125 0.0640625 0.178125
4 0.31171875 0.740625 0.1578125 0.021875
4 0.69375 0.73984375 0.23125 0.0234375
4 0.79375 0.4640625 0.034375 0.078125
4 0.49765625 0.5671875 0.6515625 0.146875
4 0.68359375 0.41171875 0.1015625 0.2484375
4 0.31796875 0.565625 0.2703125 0.08125