0 0.49921875 0.49921875 0.9984375 0.9984375
1 0.45390625 0.20078125 0.3984375 0.4015625
2 0.89765625 0.4015625 0.2015625 0.128125
2 0.73515625 0.2921875 0.5265625 0.584375
2 0.32734375 0.14140625 0.0609375 0.1171875
4 0.184375 0.4765625 0.296875 0.25625
4 0.32890625 0.1734375 0.1203125 0.184375
4 0.328125 0.221875 0.11875 0.084375
4 0.27421875 0.34375 0.1578125 0.090625
4 0.18359375 0.7265625 0.3671875 0.25625
4 0.60859375 0.5015625 0.1703125 0.096875
4 0.56875 0.484375 0.078125 0.053125
4 0.0953125 0.9765625 0.190625 0.04375
4 0.04921875 0.85234375 0.0984375 0.1796875
4 0.7515625 0.52578125 0.49375 0.1765625
4 0.6234375 0.6796875 0.490625 0.38125