0 0.4984375 0.496875 0.596875 0.428125
1 0.33984375 0.496875 0.2703125 0.4125
1 0.65078125 0.49765625 0.2828125 0.4140625
4 0.653125 0.53046875 0.271875 0.1140625
4 0.340625 0.51796875 0.25 0.0765625
4 0.6546875 0.6859375 0.253125 0.04375
4 0.3375 0.42578125 0.06875 0.1703125
4 0.33984375 0.68671875 0.2515625 0.0390625
4 0.6546875 0.659375 0.271875 0.090625
4 0.5 0.52734375 0.578125 0.1078125
4 0.340625 0.65625 0.271875 0.09375
4 0.64609375 0.40546875 0.1109375 0.1828125
4 0.33671875 0.44765625 0.2546875 0.2171875
4 0.34296875 0.68984375 0.0984375 0.0296875