3 0.75625 0.39609375 0.35625 0.1171875
1 0.2765625 0.46875 0.4 0.103125
2 0.48515625 0.48984375 0.9640625 0.3078125
4 0.45625 0.46328125 0.33125 0.1546875
4 0.38671875 0.5546875 0.2171875 0.096875
4 0.79375 0.47734375 0.140625 0.0546875
4 0.33515625 0.5625 0.1140625 0.084375
4 0.77421875 0.4625 0.3578125 0.10625
4 0.4625 0.55546875 0.06875 0.0890625
4 0.5234375 0.4484375 0.171875 0.11875
4 0.7203125 0.49453125 0.128125 0.0484375
4 0.38359375 0.44296875 0.1078125 0.0359375
4 0.3515625 0.49296875 0.559375 0.2171875
4 0.18203125 0.546875 0.2609375 0.084375
4 0.275 0.54921875 0.446875 0.1109375
4 0.38671875 0.45234375 0.1390625 0.0640625
4 0.5328125 0.50625 0.509375 0.19375
4 0.45390625 0.446875 0.2546875 0.090625
4 0.42109375 0.47265625 0.2109375 0.1078125