0 0.503125 0.48984375 0.6875 0.6453125
1 0.33046875 0.4875 0.3390625 0.6375
1 0.66640625 0.49140625 0.3515625 0.6296875
2 0.66640625 0.24765625 0.2421875 0.1421875
2 0.5125 0.1453125 0.4125 0.065625
4 0.365625 0.23203125 0.128125 0.1296875
4 0.64765625 0.23828125 0.1359375 0.1234375
4 0.503125 0.503125 0.634375 0.0875
4 0.6578125 0.50234375 0.321875 0.0828125
4 0.3296875 0.2484375 0.2375 0.1625
4 0.80234375 0.41875 0.0515625 0.109375
4 0.34140625 0.50078125 0.3078125 0.0796875
4 0.34453125 0.50390625 0.0765625 0.0640625
4 0.65546875 0.52421875 0.3109375 0.0453125