0 0.49765625 0.4984375 0.9890625 0.98125
1 0.73125 0.5 0.5125 0.609375
1 0.24921875 0.5078125 0.4796875 0.60625
1 0.6828125 0.653125 0.39375 0.303125
2 0.76875 0.3421875 0.178125 0.05625
2 0.1421875 0.34296875 0.23125 0.0859375
2 0.16875 0.35546875 0.171875 0.0546875
4 0.2640625 0.51484375 0.3125 0.1828125
4 0.29453125 0.6703125 0.3390625 0.15
4 0.6734375 0.66484375 0.33125 0.1484375
4 0.69453125 0.50546875 0.3453125 0.2046875
4 0.27265625 0.52734375 0.2421875 0.1078125
4 0.6453125 0.6671875 0.18125 0.090625
4 0.678125 0.54921875 0.275 0.0890625
4 0.29140625 0.675 0.1921875 0.09375
4 0.28359375 0.58515625 0.3546875 0.3328125
4 0.27734375 0.56484375 0.2296875 0.0578125
4 0.2640625 0.5015625 0.278125 0.053125