0 0.49921875 0.49921875 0.9953125 0.9953125
1 0.38046875 0.5234375 0.3328125 0.484375
1 0.596875 0.6140625 0.340625 0.496875
4 0.56171875 0.825 0.0515625 0.0375
4 0.3140625 0.68203125 0.0375 0.1421875
4 0.4640625 0.69453125 0.078125 0.1171875
4 0.40625 0.30546875 0.04375 0.0328125
4 0.50625 0.4140625 0.075 0.1
4 0.6171875 0.6484375 0.09375 0.13125
4 0.56328125 0.825 0.0765625 0.05625
4 0.5796875 0.52265625 0.090625 0.0828125
4 0.34453125 0.67890625 0.1140625 0.1546875
4 0.62109375 0.53515625 0.1609375 0.1078125
4 0.4140625 0.57421875 0.109375 0.0859375
4 0.5875 0.69609375 0.1625 0.2390625
4 0.39921875 0.41328125 0.1671875 0.2078125
4 0.56484375 0.62109375 0.2671875 0.2734375
4 0.35 0.68359375 0.04375 0.0859375
4 0.3109375 0.66328125 0.08125 0.1828125