3 0.4765625 0.575 0.928125 0.715625
3 0.47578125 0.41171875 0.8234375 0.3953125
1 0.21796875 0.61328125 0.3515625 0.6109375
1 0.74140625 0.62265625 0.4015625 0.6203125
2 0.4671875 0.66796875 0.190625 0.1046875
2 0.721875 0.3578125 0.075 0.06875
2 0.49453125 0.334375 0.3828125 0.0875
2 0.21953125 0.35234375 0.0703125 0.0671875
4 0.73671875 0.55234375 0.2734375 0.2140625
4 0.23203125 0.54296875 0.2734375 0.2046875
4 0.75390625 0.63828125 0.2421875 0.0421875
4 0.22109375 0.55625 0.2265625 0.096875
4 0.2046875 0.74140625 0.21875 0.1453125
4 0.73203125 0.54140625 0.2546875 0.0640625
4 0.740625 0.59765625 0.259375 0.0671875
4 0.2203125 0.58984375 0.2375 0.0765625
4 0.73359375 0.57109375 0.2546875 0.0515625
4 0.75859375 0.7828125 0.2984375 0.2125
4 0.728125 0.48515625 0.253125 0.0765625