1 0.50859375 0.44375 0.7046875 0.55625
1 0.41953125 0.6125 0.8265625 0.659375
2 0.53828125 0.64140625 0.0796875 0.0890625
4 0.44609375 0.56484375 0.0984375 0.1203125
4 0.60234375 0.3875 0.1171875 0.18125
4 0.7921875 0.60859375 0.103125 0.0953125
4 0.725 0.79921875 0.209375 0.2140625
4 0.5390625 0.6671875 0.2875 0.33125
4 0.603125 0.7203125 0.1375 0.2
4 0.62578125 0.42421875 0.0703125 0.0921875
4 0.74296875 0.83125 0.1265625 0.121875
4 0.3390625 0.70390625 0.2625 0.1953125
4 0.6734375 0.75859375 0.296875 0.2953125
4 0.359375 0.23671875 0.2625 0.1109375
4 0.64140625 0.4484375 0.2015625 0.3
4 0.603125 0.7234375 0.0875 0.125