0 0.6984375 0.5265625 0.40625 0.6625
1 0.30234375 0.53359375 0.4203125 0.6734375
2 0.49921875 0.53046875 0.9609375 0.6765625
2 0.046875 0.51328125 0.046875 0.0546875
2 0.16640625 0.10859375 0.0609375 0.0703125
4 0.6796875 0.48984375 0.340625 0.2859375
4 0.34375 0.43125 0.315625 0.175
4 0.26015625 0.47265625 0.1296875 0.0890625
4 0.24453125 0.7640625 0.1171875 0.121875
4 0.6859375 0.603125 0.31875 0.4125
4 0.65 0.38046875 0.278125 0.0859375
4 0.596875 0.62421875 0.165625 0.3640625
4 0.34140625 0.434375 0.2828125 0.071875