0 0.4578125 0.5453125 0.90625 0.78125
1 0.50703125 0.34296875 0.8015625 0.3703125
1 0.38671875 0.72265625 0.7734375 0.4234375
2 0.75625 0.4 0.146875 0.078125
4 0.39453125 0.37578125 0.1296875 0.0796875
4 0.45390625 0.4328125 0.2546875 0.19375
4 0.21171875 0.728125 0.1953125 0.13125
4 0.7 0.32578125 0.415625 0.1234375
4 0.2421875 0.3421875 0.165625 0.090625
4 0.51953125 0.69765625 0.4578125 0.1546875
4 0.38671875 0.5625 0.7734375 0.103125
4 0.31171875 0.35546875 0.3046875 0.1203125
4 0.37265625 0.41328125 0.4265625 0.2328125
4 0.2390625 0.76484375 0.253125 0.2078125
4 0.52109375 0.4515625 0.1640625 0.159375
4 0.50234375 0.24765625 0.7953125 0.1796875