0 0.49921875 0.49921875 0.9890625 0.9921875
1 0.4953125 0.453125 0.64375 0.228125
1 0.4796875 0.63828125 0.7125 0.3015625
2 0.5125 0.40546875 0.05 0.0421875
4 0.4109375 0.440625 0.1375 0.15
4 0.5359375 0.58125 0.428125 0.1125
4 0.41484375 0.590625 0.1828125 0.090625
4 0.69375 0.55703125 0.115625 0.0609375
4 0.65703125 0.6515625 0.3484375 0.121875
4 0.575 0.6234375 0.509375 0.196875
4 0.66640625 0.41171875 0.1703125 0.0828125
4 0.46484375 0.58046875 0.0828125 0.0703125
4 0.36875 0.6046875 0.090625 0.0625
4 0.8203125 0.653125 0.028125 0.05
4 0.5515625 0.43671875 0.41875 0.1640625