1 0.50859375 0.3625 0.6734375 0.3375
1 0.53359375 0.60625 0.8359375 0.38125
2 0.25625 0.52734375 0.115625 0.0828125
2 0.4 0.28671875 0.071875 0.0796875
2 0.41484375 0.290625 0.0390625 0.065625
2 0.3765625 0.29609375 0.11875 0.0984375
4 0.57265625 0.3984375 0.1546875 0.18125
4 0.53203125 0.515625 0.1859375 0.0875
4 0.53671875 0.54765625 0.2765625 0.1546875
4 0.253125 0.64296875 0.2375 0.1578125
4 0.3234375 0.6703125 0.090625 0.103125
4 0.30078125 0.60546875 0.3359375 0.1078125
4 0.44609375 0.7671875 0.6609375 0.0625
4 0.40859375 0.59296875 0.5453125 0.2515625
4 0.53203125 0.71796875 0.8359375 0.1578125