1 0.50859375 0.66953125 0.8203125 0.3890625
1 0.50546875 0.34609375 0.7890625 0.3015625
2 0.396875 0.33828125 0.065625 0.0703125
4 0.48125 0.55390625 0.35 0.1578125
4 0.49375 0.334375 0.265625 0.28125
4 0.19296875 0.709375 0.1546875 0.13125
4 0.2765625 0.68125 0.35 0.165625
4 0.50234375 0.80546875 0.7859375 0.1171875
4 0.61796875 0.68125 0.0921875 0.146875
4 0.2875 0.71875 0.053125 0.103125
4 0.52109375 0.53203125 0.2421875 0.1078125
4 0.11171875 0.7015625 0.0296875 0.034375
4 0.51875 0.32421875 0.10625 0.2609375