0 0.49765625 0.49765625 0.9890625 0.9796875
3 0.2921875 0.52578125 0.584375 0.4546875
3 0.71640625 0.190625 0.4015625 0.38125
3 0.49921875 0.8109375 0.9953125 0.36875
1 0.5390625 0.58515625 0.8875 0.5328125
2 0.88984375 0.471875 0.0953125 0.065625
2 0.46484375 0.3234375 0.0703125 0.046875
2 0.62578125 0.35 0.0921875 0.053125
2 0.61640625 0.359375 0.1703125 0.0875
2 0.6453125 0.36328125 0.046875 0.0265625
2 0.47890625 0.334375 0.0390625 0.025
4 0.37578125 0.48671875 0.3265625 0.2140625
4 0.49453125 0.52421875 0.5421875 0.3015625
4 0.621875 0.478125 0.240625 0.128125
4 0.54453125 0.53984375 0.1734375 0.0890625
4 0.5296875 0.53515625 0.24375 0.2203125