1 0.51171875 0.7765625 0.8171875 0.43125
1 0.409375 0.296875 0.815625 0.59375
2 0.65859375 0.46171875 0.1234375 0.0859375
4 0.63828125 0.78828125 0.3703125 0.3984375
4 0.540625 0.525 0.046875 0.11875
4 0.69140625 0.25 0.2296875 0.228125
4 0.659375 0.19609375 0.078125 0.1109375
4 0.38203125 0.421875 0.2109375 0.29375
4 0.66640625 0.51953125 0.2609375 0.1390625
4 0.628125 0.53984375 0.153125 0.0828125
4 0.4234375 0.4828125 0.115625 0.16875
4 0.6421875 0.36171875 0.328125 0.4484375
4 0.6453125 0.1984375 0.1375 0.13125
4 0.5203125 0.03984375 0.584375 0.0546875