2 0.5125 0.4546875 0.784375 0.715625
2 0.1875 0.46484375 0.078125 0.0671875
2 0.47265625 0.20703125 0.0484375 0.0765625
2 0.64453125 0.3640625 0.5328125 0.490625
2 0.53125 0.0921875 0.428125 0.06875
2 0.396875 0.3234375 0.05 0.075
2 0.4546875 0.1921875 0.10625 0.134375
2 0.3734375 0.31640625 0.10625 0.1171875
4 0.4921875 0.51171875 0.371875 0.2328125
4 0.5421875 0.31328125 0.2875 0.3703125
4 0.56171875 0.4484375 0.2546875 0.35625
4 0.4046875 0.25859375 0.10625 0.1109375
4 0.45859375 0.40078125 0.4921875 0.5234375
4 0.25390625 0.5484375 0.2515625 0.21875
4 0.70859375 0.6171875 0.1671875 0.10625
4 0.5046875 0.4984375 0.15625 0.159375
4 0.48984375 0.56015625 0.7203125 0.3765625