0 0.4890625 0.44453125 0.95 0.6609375
3 0.46328125 0.184375 0.2828125 0.10625
3 0.89296875 0.19609375 0.1734375 0.1484375
1 0.31171875 0.52890625 0.3859375 0.4796875
1 0.71875 0.52109375 0.409375 0.4578125
1 0.678125 0.21796875 0.521875 0.1890625
1 0.2 0.2359375 0.4 0.190625
2 0.38125 0.3359375 0.109375 0.04375
2 0.73359375 0.31953125 0.0859375 0.0421875
4 0.68671875 0.421875 0.3328125 0.253125
4 0.6796875 0.1875 0.259375 0.11875
4 0.33671875 0.43125 0.2921875 0.25
4 0.33359375 0.46171875 0.2296875 0.0890625
4 0.7390625 0.63671875 0.36875 0.2296875
4 0.71640625 0.50859375 0.1984375 0.0578125
4 0.04609375 0.22421875 0.0890625 0.0640625
4 0.6921875 0.475 0.259375 0.125
4 0.3296875 0.52734375 0.2 0.0484375
4 0.68984375 0.446875 0.2546875 0.0625
4 0.5046875 0.24765625 0.128125 0.0609375
4 0.63359375 0.21015625 0.1546875 0.0640625
4 0.3125 0.6515625 0.384375 0.234375
4 0.73828125 0.59765625 0.2640625 0.1328125
4 0.33359375 0.49921875 0.2109375 0.0953125
4 0.521875 0.42578125 0.6625 0.2546875