1 0.2578125 0.58515625 0.515625 0.6078125
1 0.73828125 0.5734375 0.5203125 0.609375
2 0.76796875 0.08046875 0.0953125 0.1609375
2 0.23984375 0.32109375 0.1609375 0.0421875
2 0.49921875 0.4484375 0.9953125 0.89375
4 0.259375 0.4578125 0.415625 0.18125
4 0.23515625 0.7046875 0.4140625 0.175
4 0.7609375 0.696875 0.409375 0.171875
4 0.7421875 0.5 0.359375 0.190625
4 0.6984375 0.34765625 0.265625 0.1453125
4 0.78125 0.6890625 0.278125 0.121875
4 0.22734375 0.6953125 0.2234375 0.0875
4 0.2453125 0.48828125 0.375 0.0890625
4 0.25078125 0.565625 0.4015625 0.1
4 0.50859375 0.47578125 0.9421875 0.2328125