0 0.51484375 0.44453125 0.9578125 0.8828125
3 0.2484375 0.1453125 0.496875 0.290625
3 0.25 0.30859375 0.5 0.6171875
1 0.49375 0.3859375 0.884375 0.45
1 0.4890625 0.2171875 0.859375 0.434375
2 0.48671875 0.4671875 0.3390625 0.1625
4 0.6625 0.490625 0.2 0.19375
4 0.81875 0.4703125 0.2125 0.390625
4 0.26796875 0.215625 0.1734375 0.071875
4 0.73046875 0.32421875 0.0953125 0.1421875
4 0.81640625 0.41875 0.1359375 0.265625
4 0.72421875 0.434375 0.3265625 0.309375
4 0.51953125 0.5953125 0.9328125 0.190625
4 0.42109375 0.35390625 0.7015625 0.2015625
4 0.34296875 0.62734375 0.5640625 0.2390625