0 0.5234375 0.50390625 0.596875 0.5671875
0 0.4984375 0.49921875 0.990625 0.9921875
1 0.41171875 0.41328125 0.3671875 0.3828125
1 0.63828125 0.59140625 0.3578125 0.3890625
2 0.4046875 0.38359375 0.178125 0.1671875
2 0.6546875 0.575 0.190625 0.153125
2 0.64921875 0.58359375 0.2671875 0.2546875
4 0.2796875 0.5265625 0.10625 0.11875
4 0.525 0.7109375 0.06875 0.06875
4 0.29375 0.54453125 0.065625 0.0734375
4 0.365625 0.446875 0.21875 0.1875
4 0.60078125 0.63203125 0.2265625 0.1828125
4 0.32578125 0.53515625 0.1984375 0.1421875
4 0.3171875 0.4203125 0.121875 0.128125
4 0.67421875 0.69609375 0.0796875 0.0546875
4 0.53828125 0.7203125 0.1203125 0.103125