1 0.28515625 0.54921875 0.4234375 0.4859375
1 0.69140625 0.54609375 0.4109375 0.4765625
2 0.60859375 0.35390625 0.0890625 0.0734375
2 0.2890625 0.36484375 0.06875 0.0671875
4 0.32890625 0.503125 0.2765625 0.171875
4 0.67109375 0.52109375 0.2578125 0.1234375
4 0.6640625 0.4546875 0.303125 0.275
4 0.6796875 0.56328125 0.328125 0.2390625
4 0.67421875 0.63046875 0.3390625 0.1109375
4 0.703125 0.55625 0.321875 0.10625
4 0.3296875 0.4859375 0.240625 0.059375
4 0.27578125 0.634375 0.2359375 0.090625
4 0.31484375 0.5515625 0.2421875 0.065625
4 0.50078125 0.5046875 0.6140625 0.16875
4 0.5140625 0.51328125 0.65625 0.3359375