1 0.41328125 0.309375 0.5390625 0.553125
2 0.5984375 0.478125 0.15 0.11875
2 0.56640625 0.8015625 0.0984375 0.046875
2 0.184375 0.10390625 0.178125 0.0921875
4 0.434375 0.51875 0.734375 0.7375
4 0.38359375 0.40390625 0.2765625 0.4609375
4 0.5078125 0.4515625 0.040625 0.19375
4 0.6109375 0.6734375 0.18125 0.178125
4 0.52421875 0.621875 0.0984375 0.06875
4 0.64296875 0.640625 0.1015625 0.1
4 0.55 0.72265625 0.059375 0.0796875
4 0.58125 0.4515625 0.190625 0.190625
4 0.32734375 0.71015625 0.0703125 0.1515625
4 0.3921875 0.5765625 0.14375 0.078125
4 0.3328125 0.73515625 0.040625 0.0703125
4 0.571875 0.5515625 0.10625 0.103125
4 0.503125 0.6875 0.403125 0.20625
4 0.509375 0.82734375 0.559375 0.1203125