0 0.4984375 0.49921875 0.996875 0.9984375
2 0.20546875 0.3296875 0.1703125 0.18125
4 0.62109375 0.72734375 0.2046875 0.2515625
4 0.5953125 0.49765625 0.240625 0.2546875
4 0.33515625 0.09921875 0.0828125 0.0859375
4 0.54453125 0.44453125 0.3421875 0.3640625
4 0.56015625 0.66875 0.0828125 0.36875
4 0.3875 0.2515625 0.1875 0.390625
4 0.2734375 0.68671875 0.0875 0.2828125
4 0.13203125 0.64140625 0.2359375 0.3546875
4 0.8265625 0.73203125 0.271875 0.1015625
4 0.4265625 0.340625 0.109375 0.2125
4 0.5328125 0.459375 0.109375 0.171875
4 0.60546875 0.615625 0.2390625 0.475
4 0.834375 0.65078125 0.2 0.0859375
4 0.50859375 0.45390625 0.4359375 0.7984375