0 0.4984375 0.4984375 0.996875 0.996875
2 0.209375 0.32109375 0.165625 0.1734375
2 0.22734375 0.2921875 0.3640625 0.38125
4 0.340625 0.11015625 0.0875 0.0796875
4 0.64765625 0.7640625 0.1453125 0.20625
4 0.8078125 0.70234375 0.26875 0.1578125
4 0.2375 0.571875 0.421875 0.265625
4 0.59921875 0.67890625 0.2203125 0.3734375
4 0.7921875 0.6625 0.115625 0.065625
4 0.5359375 0.45390625 0.340625 0.3921875
4 0.7546875 0.74375 0.3625 0.246875
4 0.13515625 0.6265625 0.2171875 0.36875
4 0.18828125 0.4453125 0.3078125 0.1125
4 0.36171875 0.96015625 0.7203125 0.0765625
4 0.48203125 0.63046875 0.9203125 0.4796875
4 0.509375 0.46796875 0.425 0.7984375