0 0.4984375 0.496875 0.996875 0.99375
2 0.021875 0.58828125 0.040625 0.1328125
4 0.24375 0.53671875 0.45 0.3578125
4 0.6265625 0.446875 0.15 0.20625
4 0.45546875 0.3046875 0.2015625 0.2875
4 0.4078125 0.23828125 0.109375 0.1546875
4 0.49921875 0.85703125 0.9953125 0.2546875
4 0.52265625 0.36328125 0.0609375 0.1640625
4 0.528125 0.35546875 0.346875 0.3921875
4 0.5 0.81015625 0.990625 0.1203125
4 0.60859375 0.578125 0.2015625 0.46875
4 0.38125 0.94921875 0.759375 0.0765625
4 0.834375 0.6015625 0.203125 0.103125
4 0.5453125 0.5859375 0.071875 0.45625
4 0.484375 0.54140625 0.9375 0.3953125