0 0.49921875 0.49921875 0.9984375 0.9984375
2 0.2 0.33125 0.15 0.153125
2 0.44296875 0.23203125 0.0671875 0.1640625
4 0.38125 0.95546875 0.75625 0.0859375
4 0.13203125 0.65703125 0.2203125 0.2984375
4 0.665625 0.7484375 0.125 0.2125
4 0.27421875 0.67578125 0.0890625 0.2765625
4 0.5546875 0.67890625 0.084375 0.3390625
4 0.4984375 0.88359375 0.996875 0.2265625
4 0.19375 0.46015625 0.321875 0.1015625
4 0.22734375 0.2125 0.3484375 0.203125
4 0.18984375 0.61171875 0.3296875 0.3984375
4 0.2234375 0.440625 0.38125 0.7375