1 0.49921875 0.49921875 0.9984375 0.9984375
1 0.29140625 0.4125 0.5546875 0.825
2 0.1984375 0.23203125 0.178125 0.1703125
2 0.80625 0.628125 0.246875 0.1875
4 0.24140625 0.22890625 0.3859375 0.2578125
4 0.365625 0.21796875 0.109375 0.2390625
4 0.09375 0.40625 0.125 0.08125
4 0.24140625 0.640625 0.0765625 0.284375
4 0.26171875 0.54453125 0.4640625 0.2796875
4 0.4984375 0.40234375 0.1375 0.1765625
4 0.3828125 0.3078125 0.0625 0.05625
4 0.4296875 0.9640625 0.85 0.06875
4 0.50078125 0.878125 0.9921875 0.240625
4 0.21640625 0.06015625 0.3171875 0.1203125