0 0.49921875 0.49921875 0.9921875 0.9921875
2 0.2046875 0.3328125 0.171875 0.14375
4 0.22578125 0.2171875 0.3734375 0.259375
4 0.16015625 0.6546875 0.2734375 0.353125
4 0.57578125 0.64375 0.1109375 0.4125
4 0.2625 0.54375 0.46875 0.28125
4 0.659375 0.71328125 0.140625 0.2765625
4 0.43203125 0.2875 0.1640625 0.2375
4 0.309375 0.6921875 0.1 0.303125
4 0.38046875 0.58203125 0.2328125 0.2078125
4 0.49921875 0.896875 0.9921875 0.19375
4 0.38203125 0.62109375 0.7171875 0.4640625
4 0.275 0.38515625 0.484375 0.5984375