0 0.49921875 0.49921875 0.9984375 0.9984375
4 0.67734375 0.75859375 0.1109375 0.1984375
4 0.55390625 0.58984375 0.3671875 0.5296875
4 0.1421875 0.64140625 0.2375 0.3515625
4 0.81875 0.71171875 0.2375 0.1546875
4 0.7765625 0.74296875 0.309375 0.2265625
4 0.48671875 0.45859375 0.2390625 0.2703125
4 0.628125 0.6734375 0.215625 0.365625
4 0.49921875 0.8515625 0.9953125 0.1125
4 0.48046875 0.6015625 0.9171875 0.534375
4 0.22734375 0.1953125 0.3296875 0.228125
4 0.56796875 0.6765625 0.0953125 0.359375
4 0.3875 0.96171875 0.775 0.0734375