0 0.49921875 0.49921875 0.9984375 0.9984375
2 0.17890625 0.353125 0.1515625 0.18125
4 0.5453125 0.66796875 0.09375 0.3484375
4 0.80859375 0.6828125 0.2734375 0.1375
4 0.5984375 0.66328125 0.203125 0.3578125
4 0.1609375 0.64609375 0.290625 0.3546875
4 0.37734375 0.9546875 0.7515625 0.0875
4 0.41640625 0.33828125 0.1203125 0.1703125
4 0.521875 0.4375 0.34375 0.378125
4 0.21328125 0.20390625 0.3390625 0.2765625
4 0.29375 0.36171875 0.2 0.2328125
4 0.4984375 0.85625 0.996875 0.284375
4 0.3640625 0.53046875 0.690625 0.6203125
4 0.2328125 0.5640625 0.434375 0.290625