0 0.496875 0.49921875 0.99375 0.9953125
2 0.17890625 0.371875 0.1453125 0.165625
4 0.49375 0.60078125 0.103125 0.1921875
4 0.65234375 0.746875 0.1140625 0.2125
4 0.47265625 0.37734375 0.2140625 0.3015625
4 0.13359375 0.653125 0.2234375 0.30625
4 0.4109375 0.121875 0.075 0.215625
4 0.496875 0.85625 0.990625 0.09375
4 0.22734375 0.14375 0.3265625 0.171875
4 0.53828125 0.5375 0.3265625 0.61875
4 0.496875 0.89375 0.990625 0.190625
4 0.2609375 0.69453125 0.059375 0.2390625
4 0.36171875 0.9703125 0.7171875 0.053125
4 0.540625 0.66796875 0.084375 0.3546875
4 0.36171875 0.53671875 0.6703125 0.6109375
4 0.115625 0.59140625 0.1875 0.1796875
4 0.51640625 0.4328125 0.1203125 0.1875
4 0.28671875 0.5828125 0.5265625 0.3125