0 0.49921875 0.49921875 0.9984375 0.9984375
2 0.10625 0.346875 0.096875 0.1375
2 0.37109375 0.1328125 0.0671875 0.175
4 0.18828125 0.6109375 0.3453125 0.2125
4 0.51015625 0.4671875 0.3765625 0.3125
4 0.18359375 0.2984375 0.2703125 0.396875
4 0.1796875 0.1953125 0.25625 0.1875
4 0.77890625 0.64375 0.2421875 0.084375
4 0.7515625 0.690625 0.38125 0.178125
4 0.4078125 0.42578125 0.178125 0.2328125
4 0.49921875 0.83828125 0.9921875 0.1328125
4 0.29453125 0.959375 0.5890625 0.078125
4 0.3765625 0.3609375 0.646875 0.53125