0 0.49921875 0.49921875 0.9984375 0.9984375
2 0.2078125 0.45234375 0.165625 0.1421875
4 0.14296875 0.66015625 0.2453125 0.3046875
4 0.60078125 0.53203125 0.2265625 0.2765625
4 0.8359375 0.7296875 0.2375 0.146875
4 0.2390625 0.3125 0.38125 0.23125
4 0.321875 0.46640625 0.21875 0.2453125
4 0.32265625 0.33828125 0.0515625 0.1515625
4 0.5671875 0.7015625 0.053125 0.30625
4 0.25546875 0.63828125 0.4703125 0.2890625
4 0.68203125 0.74375 0.0859375 0.209375
4 0.634375 0.5890625 0.159375 0.159375
4 0.52578125 0.48984375 0.0734375 0.1921875
4 0.63046875 0.67890625 0.1859375 0.3421875
4 0.38203125 0.52109375 0.6859375 0.6453125
4 0.50078125 0.83359375 0.9953125 0.1453125