0 0.49921875 0.49921875 0.9984375 0.9984375
2 0.21171875 0.35078125 0.1546875 0.1421875
4 0.5234375 0.41171875 0.353125 0.4328125
4 0.54375 0.66171875 0.065625 0.3671875
4 0.6046875 0.66015625 0.19375 0.3828125
4 0.81015625 0.74140625 0.2890625 0.1546875
4 0.36640625 0.48125 0.6796875 0.703125
4 0.19296875 0.4859375 0.3296875 0.2
4 0.81171875 0.63671875 0.1890625 0.0859375
4 0.41640625 0.328125 0.1359375 0.2625
4 0.4984375 0.9046875 0.996875 0.184375
4 0.14140625 0.6015625 0.2328125 0.4125
4 0.24453125 0.57109375 0.4359375 0.3828125