0 0.4984375 0.4984375 0.990625 0.990625
2 0.1609375 0.35078125 0.14375 0.1328125
4 0.23828125 0.57109375 0.4359375 0.2296875
4 0.5734375 0.6140625 0.240625 0.46875
4 0.1921875 0.25703125 0.290625 0.2171875
4 0.1453125 0.63671875 0.25625 0.3484375
4 0.60625 0.70234375 0.146875 0.2953125
4 0.7796875 0.696875 0.29375 0.1375
4 0.38828125 0.29296875 0.2015625 0.2390625
4 0.49765625 0.93203125 0.9921875 0.1265625
4 0.51328125 0.63671875 0.1140625 0.4109375
4 0.28984375 0.30078125 0.4828125 0.3734375
4 0.471875 0.62265625 0.909375 0.4515625
4 0.36875 0.95859375 0.734375 0.0734375