0 0.49921875 0.49921875 0.9984375 0.9984375
2 0.21484375 0.3015625 0.1671875 0.178125
4 0.8171875 0.69609375 0.265625 0.1546875
4 0.559375 0.44375 0.303125 0.35625
4 0.6609375 0.73125 0.125 0.228125
4 0.24609375 0.55546875 0.4515625 0.2703125
4 0.5515625 0.65 0.1 0.403125
4 0.39375 0.96640625 0.753125 0.0640625
4 0.228125 0.17265625 0.353125 0.2046875
4 0.60859375 0.6390625 0.2171875 0.41875
4 0.5 0.82578125 0.99375 0.1453125
4 0.371875 0.5296875 0.7 0.63125
4 0.1921875 0.41796875 0.3375 0.1328125