0 0.49921875 0.49921875 0.9984375 0.9984375
2 0.2140625 0.3265625 0.16875 0.1625
4 0.61796875 0.56796875 0.1265625 0.1859375
4 0.809375 0.74921875 0.284375 0.1203125
4 0.24453125 0.57578125 0.4359375 0.3109375
4 0.5109375 0.465625 0.128125 0.221875
4 0.56484375 0.50546875 0.2328125 0.3015625
4 0.42890625 0.328125 0.1203125 0.21875
4 0.4984375 0.8921875 0.996875 0.2
4 0.3765625 0.96875 0.74375 0.059375
4 0.47265625 0.40234375 0.2203125 0.3640625
4 0.23203125 0.11953125 0.3296875 0.0859375
4 0.1921875 0.4671875 0.328125 0.10625
4 0.75390625 0.6625 0.4046875 0.378125