0 0.4984375 0.47578125 0.996875 0.9515625
2 0.203125 0.34296875 0.159375 0.1703125
4 0.82109375 0.7703125 0.2671875 0.103125
4 0.1109375 0.57890625 0.209375 0.2078125
4 0.5640625 0.6953125 0.14375 0.34375
4 0.48828125 0.49140625 0.1734375 0.1828125
4 0.628125 0.59375 0.1375 0.14375
4 0.2109375 0.23515625 0.375 0.1984375
4 0.55 0.53515625 0.29375 0.2671875
4 0.23046875 0.57578125 0.4484375 0.2953125
4 0.6328125 0.790625 0.10625 0.15625
4 0.76796875 0.77734375 0.3828125 0.1890625
4 0.31484375 0.35546875 0.2171875 0.1890625