0 0.4984375 0.4984375 0.99375 0.996875
2 0.21953125 0.28828125 0.1671875 0.1734375
4 0.5546875 0.47265625 0.334375 0.3484375
4 0.2453125 0.553125 0.446875 0.278125
4 0.615625 0.525 0.215625 0.24375
4 0.6171875 0.65 0.209375 0.396875
4 0.66640625 0.746875 0.1234375 0.21875
4 0.16328125 0.61171875 0.2859375 0.3921875
4 0.27734375 0.67734375 0.0671875 0.2640625
4 0.5625 0.66015625 0.103125 0.3734375
4 0.3875 0.96640625 0.771875 0.0578125
4 0.3734375 0.59765625 0.70625 0.5015625
4 0.4984375 0.8609375 0.990625 0.103125