0 0.49921875 0.49921875 0.9984375 0.9984375
2 0.1265625 0.35390625 0.11875 0.1484375
4 0.48515625 0.45546875 0.3953125 0.4390625
4 0.76171875 0.74609375 0.3765625 0.1609375
4 0.40625 0.371875 0.109375 0.140625
4 0.39921875 0.1140625 0.0734375 0.178125
4 0.37421875 0.41328125 0.6328125 0.5703125
4 0.4828125 0.475 0.15 0.1875
4 0.3109375 0.925 0.609375 0.146875
4 0.45625 0.6921875 0.125 0.315625
4 0.49921875 0.821875 0.9953125 0.203125
4 0.54765625 0.52734375 0.2859375 0.2953125
4 0.4484375 0.434375 0.2 0.265625