0 0.49921875 0.49921875 0.9984375 0.9984375
2 0.25703125 0.35859375 0.1984375 0.1578125
4 0.61484375 0.4953125 0.3234375 0.29375
4 0.49921875 0.8328125 0.9984375 0.090625
4 0.19453125 0.66015625 0.3703125 0.2984375
4 0.49921875 0.884375 0.9984375 0.225
4 0.27265625 0.2375 0.4578125 0.221875
4 0.86796875 0.7203125 0.1796875 0.1
4 0.20625 0.390625 0.090625 0.084375
4 0.75234375 0.74140625 0.0578125 0.1984375
4 0.44375 0.95859375 0.81875 0.0796875
4 0.72265625 0.5953125 0.0953125 0.084375
4 0.6984375 0.67265625 0.165625 0.3328125
4 0.69921875 0.56953125 0.1515625 0.1421875
4 0.64765625 0.67109375 0.0578125 0.3328125