0 0.4984375 0.4984375 0.99375 0.99375
3 0.390625 0.31484375 0.659375 0.6296875
2 0.36328125 0.04296875 0.0890625 0.0859375
2 0.14765625 0.315625 0.1390625 0.2
4 0.75078125 0.7296875 0.3921875 0.103125
4 0.54140625 0.71796875 0.2265625 0.2671875
4 0.09375 0.63046875 0.10625 0.3078125
4 0.2046875 0.26640625 0.259375 0.3453125
4 0.7515625 0.65078125 0.165625 0.0890625
4 0.29765625 0.94296875 0.5890625 0.1046875
4 0.65234375 0.65703125 0.5859375 0.3890625
4 0.4984375 0.87265625 0.99375 0.2421875
4 0.4421875 0.653125 0.16875 0.378125