0 0.4984375 0.4984375 0.99375 0.99375
2 0.22109375 0.3453125 0.1609375 0.1625
4 0.54609375 0.459375 0.3484375 0.44375
4 0.2484375 0.6015625 0.45625 0.23125
4 0.66484375 0.76328125 0.1359375 0.2171875
4 0.60390625 0.53515625 0.2296875 0.2859375
4 0.1359375 0.65625 0.234375 0.33125
4 0.83359375 0.6921875 0.2171875 0.084375
4 0.234375 0.23515625 0.353125 0.1953125
4 0.5203125 0.47421875 0.428125 0.7828125
4 0.55546875 0.69453125 0.0953125 0.3421875
4 0.37890625 0.965625 0.7546875 0.059375
4 0.19453125 0.46640625 0.3296875 0.1078125
4 0.4984375 0.85625 0.99375 0.115625