0 0.49921875 0.49921875 0.9984375 0.9984375
2 0.16953125 0.34609375 0.1640625 0.1515625
4 0.81484375 0.73671875 0.2703125 0.1171875
4 0.6140625 0.67109375 0.203125 0.3609375
4 0.53046875 0.53359375 0.3734375 0.6328125
4 0.66640625 0.7296875 0.1109375 0.25
4 0.55 0.6828125 0.071875 0.3375
4 0.49921875 0.8546875 0.9953125 0.09375
4 0.49921875 0.89453125 0.9984375 0.2046875
4 0.40625 0.32265625 0.109375 0.2046875
4 0.61328125 0.5578125 0.1890625 0.16875
4 0.5421875 0.4859375 0.2625 0.278125
4 0.12109375 0.6578125 0.2234375 0.315625
4 0.371875 0.96953125 0.740625 0.0578125