0 0.49921875 0.49921875 0.9984375 0.9984375
2 0.26640625 0.33828125 0.2046875 0.1359375
4 0.6359375 0.50390625 0.26875 0.2515625
4 0.7546875 0.74375 0.053125 0.21875
4 0.47734375 0.565625 0.9109375 0.353125
4 0.24453125 0.47109375 0.4109375 0.1234375
4 0.84921875 0.6671875 0.1484375 0.075
4 0.47734375 0.35 0.0578125 0.18125
4 0.2296875 0.6234375 0.4 0.440625
4 0.49765625 0.93984375 0.9921875 0.1140625
4 0.6890625 0.496875 0.4875 0.478125
4 0.3609375 0.71171875 0.10625 0.2640625
4 0.421875 0.965625 0.840625 0.059375