0 0.4984375 0.49921875 0.990625 0.9921875
3 0.490625 0.428125 0.465625 0.85625
2 0.215625 0.39453125 0.165625 0.1234375
4 0.81328125 0.74921875 0.2796875 0.1265625
4 0.63125 0.7 0.184375 0.31875
4 0.81796875 0.6671875 0.1921875 0.08125
4 0.4578125 0.54375 0.221875 0.19375
4 0.24609375 0.63828125 0.4515625 0.2671875
4 0.56875 0.6984375 0.05625 0.315625
4 0.53203125 0.52734375 0.3609375 0.2671875
4 0.4984375 0.846875 0.990625 0.121875
4 0.74375 0.7015625 0.4125 0.31875
4 0.48671875 0.64765625 0.9421875 0.4203125