0 0.4984375 0.49921875 0.99375 0.9953125
1 0.471875 0.35625 0.540625 0.7125
2 0.23359375 0.32578125 0.1796875 0.1671875
2 0.25390625 0.296875 0.4015625 0.440625
4 0.68046875 0.78671875 0.0796875 0.1578125
4 0.58125 0.7578125 0.059375 0.215625
4 0.5546875 0.540625 0.371875 0.33125
4 0.83515625 0.70078125 0.2515625 0.1546875
4 0.3984375 0.9609375 0.790625 0.06875
4 0.4984375 0.8890625 0.990625 0.209375
4 0.63671875 0.76171875 0.1703125 0.2140625
4 0.83046875 0.65703125 0.1796875 0.0734375
4 0.75234375 0.6609375 0.0234375 0.075
4 0.16953125 0.6609375 0.2890625 0.303125
4 0.57734375 0.54609375 0.1203125 0.1515625
4 0.75390625 0.740625 0.4078125 0.253125
4 0.509375 0.50390625 0.253125 0.2390625