0 0.49921875 0.49921875 0.9984375 0.9984375
2 0.196875 0.34140625 0.109375 0.1859375
2 0.28671875 0.5984375 0.1578125 0.209375
2 0.36953125 0.04921875 0.0703125 0.0984375
4 0.47265625 0.42109375 0.3578125 0.3984375
4 0.75625 0.7046875 0.3625 0.146875
4 0.6109375 0.53203125 0.646875 0.6296875
4 0.71796875 0.6234375 0.1609375 0.096875
4 0.47734375 0.46171875 0.1234375 0.1515625
4 0.52734375 0.4984375 0.2265625 0.240625
4 0.3859375 0.33203125 0.171875 0.2171875
4 0.35625 0.959375 0.565625 0.075
4 0.4484375 0.47265625 0.39375 0.7421875