0 0.4984375 0.49921875 0.996875 0.9984375
2 0.1203125 0.3609375 0.1 0.140625
4 0.7625 0.73203125 0.38125 0.0890625
4 0.09765625 0.628125 0.1703125 0.28125
4 0.1828125 0.2171875 0.29375 0.259375
4 0.50546875 0.31328125 0.4609375 0.5640625
4 0.52734375 0.4484375 0.2203125 0.20625
4 0.51953125 0.59453125 0.2546875 0.4859375
4 0.1890625 0.6640625 0.06875 0.221875
4 0.5671875 0.69375 0.18125 0.303125
4 0.49921875 0.85703125 0.9953125 0.2796875
4 0.4578125 0.6328125 0.121875 0.39375
4 0.2921875 0.93359375 0.58125 0.1234375