0 0.49921875 0.49921875 0.9984375 0.9984375
4 0.59609375 0.6421875 0.2046875 0.421875
4 0.24765625 0.5578125 0.4234375 0.271875
4 0.5609375 0.6578125 0.0375 0.3875
4 0.421875 0.27890625 0.140625 0.2515625
4 0.64296875 0.746875 0.1140625 0.21875
4 0.81171875 0.72734375 0.2546875 0.1046875
4 0.3359375 0.290625 0.3125 0.275
4 0.1375 0.621875 0.2125 0.390625
4 0.37578125 0.9625 0.7484375 0.071875
4 0.49921875 0.8484375 0.9984375 0.1375
4 0.52890625 0.503125 0.3453125 0.696875
4 0.48359375 0.6328125 0.9109375 0.440625
4 0.21953125 0.15859375 0.3203125 0.1796875