0 0.49921875 0.49921875 0.9984375 0.9984375
2 0.1296875 0.3453125 0.103125 0.1375
2 0.34296875 0.05625 0.1078125 0.1125
4 0.49140625 0.41328125 0.4671875 0.4140625
4 0.3984375 0.36328125 0.275 0.3078125
4 0.18125 0.29375 0.275 0.371875
4 0.6 0.52890625 0.246875 0.1828125
4 0.1796875 0.61015625 0.31875 0.3765625
4 0.4984375 0.87578125 0.996875 0.2328125
4 0.46171875 0.434375 0.1546875 0.165625
4 0.0875 0.659375 0.134375 0.28125
4 0.2140625 0.50625 0.15 0.159375
4 0.29609375 0.959375 0.5890625 0.075