0 0.49921875 0.49921875 0.9984375 0.9984375
2 0.2015625 0.27890625 0.140625 0.1578125
4 0.80625 0.7078125 0.284375 0.140625
4 0.5359375 0.43203125 0.3125 0.3078125
4 0.63984375 0.73046875 0.1109375 0.2078125
4 0.38359375 0.2265625 0.0734375 0.1625
4 0.8015625 0.6203125 0.153125 0.0875
4 0.4984375 0.87734375 0.99375 0.2296875
4 0.6265625 0.509375 0.140625 0.15625
4 0.2609375 0.66875 0.08125 0.278125
4 0.50078125 0.8328125 0.9859375 0.109375
4 0.1390625 0.5234375 0.234375 0.18125
4 0.7625 0.69296875 0.35625 0.2796875
4 0.3828125 0.96484375 0.759375 0.0609375
4 0.246875 0.528125 0.45 0.296875
4 0.78984375 0.62421875 0.0890625 0.0671875
4 0.5296875 0.48828125 0.365625 0.6796875