0 0.4984375 0.49921875 0.99375 0.9953125
2 0.11796875 0.37578125 0.1078125 0.1609375
2 0.06484375 0.73515625 0.0859375 0.0265625
4 0.4171875 0.44765625 0.18125 0.2390625
4 0.5171875 0.44453125 0.390625 0.2640625
4 0.36015625 0.10234375 0.0609375 0.1453125
4 0.4078125 0.2984375 0.178125 0.5375
4 0.50703125 0.9171875 0.9421875 0.15625
4 0.46015625 0.4234375 0.0765625 0.1375
4 0.73203125 0.66328125 0.3953125 0.1578125
4 0.571875 0.50078125 0.1 0.1203125
4 0.4109375 0.40390625 0.278125 0.3359375
4 0.59765625 0.515625 0.6578125 0.45625