0 0.49921875 0.49921875 0.9984375 0.9984375
2 0.21484375 0.3109375 0.1734375 0.2
4 0.540625 0.41171875 0.353125 0.4390625
4 0.34296875 0.0796875 0.0828125 0.08125
4 0.62265625 0.65859375 0.1953125 0.3765625
4 0.821875 0.7046875 0.259375 0.109375
4 0.6640625 0.73359375 0.121875 0.2265625
4 0.42421875 0.30234375 0.1203125 0.2203125
4 0.27421875 0.678125 0.0953125 0.275
4 0.5671875 0.65859375 0.08125 0.3703125
4 0.5015625 0.83984375 0.9875 0.1171875
4 0.19921875 0.440625 0.3265625 0.10625
4 0.38046875 0.5203125 0.6890625 0.646875
4 0.1734375 0.6390625 0.290625 0.34375
4 0.39140625 0.9671875 0.7796875 0.0625
4 0.6 0.4890625 0.23125 0.278125