0 0.49921875 0.49921875 0.9984375 0.9984375
2 0.22578125 0.29375 0.1578125 0.171875
4 0.68828125 0.7484375 0.1171875 0.203125
4 0.56484375 0.57578125 0.3609375 0.5390625
4 0.63671875 0.6671875 0.2140625 0.359375
4 0.17890625 0.609375 0.2953125 0.40625
4 0.4984375 0.8453125 0.990625 0.1
4 0.23046875 0.69609375 0.0765625 0.2234375
4 0.57578125 0.66953125 0.0890625 0.3515625
4 0.42421875 0.96953125 0.7140625 0.0578125
4 0.49765625 0.8890625 0.9921875 0.20625
4 0.4828125 0.59921875 0.903125 0.5046875
4 0.28515625 0.6640625 0.0859375 0.3