0 0.49921875 0.49921875 0.9984375 0.9984375
2 0.20703125 0.35078125 0.1421875 0.1421875
4 0.21953125 0.2140625 0.3234375 0.225
4 0.57734375 0.47109375 0.2484375 0.3015625
4 0.2 0.46640625 0.328125 0.1484375
4 0.796875 0.70078125 0.278125 0.1453125
4 0.64296875 0.73125 0.1140625 0.20625
4 0.76015625 0.71640625 0.3484375 0.2328125
4 0.50078125 0.8328125 0.9953125 0.1125
4 0.12578125 0.45390625 0.1765625 0.1203125
4 0.27265625 0.67578125 0.0984375 0.2765625
4 0.5125 0.40625 0.1125 0.159375
4 0.19296875 0.6015625 0.3234375 0.41875
4 0.30703125 0.3609375 0.1921875 0.240625
4 0.484375 0.57421875 0.915625 0.5109375
4 0.3609375 0.06484375 0.0875 0.1296875