0 0.49765625 0.4984375 0.9953125 0.996875
2 0.203125 0.31640625 0.15625 0.1578125
4 0.52109375 0.359375 0.3796875 0.4375
4 0.8125 0.725 0.296875 0.1
4 0.6140625 0.475 0.11875 0.184375
4 0.209375 0.19375 0.3125 0.240625
4 0.6453125 0.7046875 0.13125 0.284375
4 0.3578125 0.953125 0.7125 0.0875
4 0.68828125 0.540625 0.0578125 0.0875
4 0.3859375 0.3171875 0.659375 0.534375
4 0.51328125 0.40234375 0.0953125 0.1953125
4 0.61484375 0.61484375 0.2078125 0.4609375
4 0.825 0.621875 0.2 0.103125
4 0.24921875 0.5421875 0.4390625 0.31875