0 0.49921875 0.49921875 0.9984375 0.9984375
2 0.19140625 0.325 0.1578125 0.146875
4 0.234375 0.57421875 0.45625 0.3140625
4 0.79921875 0.7140625 0.3046875 0.13125
4 0.2 0.1859375 0.328125 0.21875
4 0.6390625 0.7046875 0.1125 0.29375
4 0.59765625 0.6296875 0.1921875 0.44375
4 0.76484375 0.7078125 0.3671875 0.284375
4 0.5359375 0.628125 0.06875 0.44375
4 0.2109375 0.2640625 0.346875 0.45625
4 0.12578125 0.61796875 0.2359375 0.3984375
4 0.49921875 0.9234375 0.9984375 0.15
4 0.49921875 0.96875 0.9984375 0.059375
4 0.48046875 0.62734375 0.9484375 0.4359375