0 0.49921875 0.4984375 0.9953125 0.99375
2 0.20703125 0.32109375 0.1671875 0.1734375
2 0.22578125 0.29921875 0.3640625 0.3640625
4 0.809375 0.7296875 0.28125 0.10625
4 0.2359375 0.57265625 0.425 0.2671875
4 0.33984375 0.10703125 0.0859375 0.0765625
4 0.14765625 0.628125 0.2484375 0.371875
4 0.5453125 0.6796875 0.115625 0.371875
4 0.1875 0.44609375 0.309375 0.1078125
4 0.63046875 0.7765625 0.1078125 0.18125
4 0.53359375 0.45703125 0.3390625 0.3828125
4 0.753125 0.74453125 0.359375 0.2515625
4 0.49921875 0.84609375 0.9953125 0.1453125
4 0.48671875 0.64375 0.9390625 0.465625
4 0.5078125 0.46875 0.421875 0.8