0 0.4984375 0.49921875 0.99375 0.9953125
2 0.21015625 0.3171875 0.1453125 0.14375
4 0.81328125 0.74921875 0.2953125 0.1203125
4 0.240625 0.57265625 0.434375 0.2671875
4 0.22578125 0.2125 0.3421875 0.228125
4 0.64765625 0.73515625 0.1265625 0.2421875
4 0.52890625 0.4078125 0.3546875 0.425
4 0.49921875 0.84140625 0.9921875 0.1328125
4 0.6046875 0.6609375 0.2125 0.384375
4 0.5484375 0.6609375 0.1 0.371875
4 0.521875 0.43203125 0.1 0.2140625
4 0.1359375 0.61796875 0.228125 0.3515625
4 0.4984375 0.9328125 0.99375 0.128125
4 0.37265625 0.9671875 0.7359375 0.059375
4 0.1109375 0.5609375 0.178125 0.146875
4 0.57578125 0.465625 0.2171875 0.2875