0 0.49921875 0.49921875 0.9984375 0.9984375
2 0.2203125 0.334375 0.35 0.359375
4 0.14765625 0.67578125 0.2515625 0.3453125
4 0.41953125 0.1890625 0.0796875 0.325
4 0.3296875 0.14765625 0.09375 0.0984375
4 0.82734375 0.67109375 0.2203125 0.0984375
4 0.2671875 0.715625 0.084375 0.265625
4 0.3703125 0.9734375 0.734375 0.05
4 0.815625 0.709375 0.25625 0.175
4 0.55078125 0.67734375 0.1046875 0.3828125
4 0.4921875 0.6859375 0.96875 0.465625
4 0.35859375 0.17578125 0.2015625 0.3515625
4 0.31015625 0.06796875 0.1140625 0.1359375
4 0.49921875 0.8625 0.9953125 0.11875
4 0.19140625 0.496875 0.3015625 0.09375