0 0.49921875 0.49921875 0.9984375 0.9984375
2 0.2140625 0.32734375 0.1375 0.1484375
4 0.64921875 0.7484375 0.1140625 0.2
4 0.28515625 0.6875 0.0703125 0.2625
4 0.63984375 0.53515625 0.1296875 0.1671875
4 0.23984375 0.54375 0.4296875 0.290625
4 0.33203125 0.090625 0.0921875 0.096875
4 0.36796875 0.9671875 0.7359375 0.0625
4 0.3140625 0.5125 0.1375 0.121875
4 0.4984375 0.88984375 0.996875 0.2140625
4 0.61171875 0.6453125 0.1953125 0.4
4 0.18828125 0.6234375 0.3171875 0.390625
4 0.49921875 0.33046875 0.4140625 0.5828125
4 0.49921875 0.846875 0.9921875 0.10625