0 0.49921875 0.5 0.9921875 0.99375
3 0.49140625 0.428125 0.4671875 0.85625
2 0.21640625 0.3953125 0.1671875 0.121875
4 0.81640625 0.75 0.2796875 0.125
4 0.63203125 0.7 0.1828125 0.31875
4 0.45859375 0.54296875 0.2234375 0.1953125
4 0.82265625 0.66953125 0.1953125 0.0734375
4 0.57109375 0.6984375 0.0578125 0.315625
4 0.49921875 0.85 0.9890625 0.115625
4 0.24609375 0.63828125 0.4515625 0.2671875
4 0.4890625 0.65625 0.940625 0.39375
4 0.13203125 0.66796875 0.2265625 0.3171875
4 0.74609375 0.7 0.4140625 0.31875