0 0.4984375 0.4984375 0.996875 0.996875
2 0.21796875 0.309375 0.1703125 0.196875
4 0.54140625 0.41328125 0.3484375 0.4390625
4 0.62265625 0.66015625 0.1953125 0.3765625
4 0.34453125 0.0828125 0.0796875 0.08125
4 0.66484375 0.7375 0.1203125 0.221875
4 0.27578125 0.671875 0.0890625 0.28125
4 0.81953125 0.70703125 0.2609375 0.1078125
4 0.20234375 0.43671875 0.3265625 0.1046875
4 0.38125 0.52265625 0.690625 0.6609375
4 0.5 0.840625 0.99375 0.115625
4 0.42578125 0.303125 0.1203125 0.21875
4 0.56640625 0.6609375 0.0828125 0.371875