0 0.4984375 0.49921875 0.996875 0.9984375
2 0.19375 0.32421875 0.1375 0.1546875
4 0.52109375 0.41875 0.3609375 0.44375
4 0.62890625 0.7265625 0.1421875 0.253125
4 0.22734375 0.571875 0.4203125 0.259375
4 0.621875 0.55234375 0.159375 0.1703125
4 0.425 0.31171875 0.16875 0.2296875
4 0.7921875 0.64921875 0.18125 0.0984375
4 0.63515625 0.51796875 0.5984375 0.6484375
4 0.36796875 0.971875 0.7296875 0.053125
4 0.59296875 0.65859375 0.2203125 0.3828125
4 0.4984375 0.85859375 0.99375 0.0828125
4 0.4984375 0.90234375 0.99375 0.1828125
4 0.178125 0.4546875 0.315625 0.096875
4 0.453125 0.36953125 0.225 0.3453125
4 0.53125 0.66484375 0.1 0.3640625
4 0.47578125 0.62578125 0.9234375 0.4390625