0 0.4984375 0.49921875 0.99375 0.9953125
2 0.184375 0.36796875 0.146875 0.1421875
2 0.21875 0.31171875 0.340625 0.3890625
4 0.8046875 0.7515625 0.275 0.08125
4 0.49921875 0.89921875 0.9921875 0.1828125
4 0.54609375 0.471875 0.3328125 0.378125
4 0.2921875 0.53671875 0.159375 0.0953125
4 0.65703125 0.73671875 0.1203125 0.2390625
4 0.2046875 0.5078125 0.325 0.140625
4 0.2453125 0.69453125 0.075 0.2453125
4 0.11640625 0.59765625 0.1859375 0.1296875
4 0.484375 0.43359375 0.18125 0.2890625
4 0.52734375 0.5046875 0.3859375 0.69375
4 0.24765625 0.578125 0.4234375 0.275
4 0.1453125 0.67265625 0.246875 0.2921875