0 0.49921875 0.49921875 0.9984375 0.9984375
2 0.1953125 0.36875 0.171875 0.165625
4 0.54140625 0.4984375 0.2765625 0.29375
4 0.50546875 0.41171875 0.3546875 0.4734375
4 0.540625 0.69609375 0.053125 0.3328125
4 0.3953125 0.11640625 0.03125 0.0890625
4 0.3859375 0.30703125 0.109375 0.2421875
4 0.52578125 0.49375 0.0515625 0.115625
4 0.60703125 0.56875 0.0484375 0.11875
4 0.43046875 0.40859375 0.0484375 0.1265625
4 0.53359375 0.6 0.3171875 0.51875
4 0.35703125 0.49375 0.6734375 0.734375
4 0.596875 0.56015625 0.165625 0.1734375
4 0.36796875 0.9734375 0.7328125 0.05
4 0.49921875 0.8578125 0.9984375 0.090625
4 0.49921875 0.92734375 0.9984375 0.1390625