0 0.4984375 0.49921875 0.996875 0.9984375
2 0.19921875 0.36640625 0.1515625 0.1234375
4 0.27890625 0.41328125 0.1484375 0.1578125
4 0.8203125 0.7421875 0.271875 0.14375
4 0.13671875 0.65390625 0.2140625 0.3015625
4 0.5390625 0.59140625 0.38125 0.5359375
4 0.62890625 0.6953125 0.1765625 0.334375
4 0.63515625 0.68046875 0.1140625 0.0734375
4 0.67109375 0.77890625 0.0703125 0.1671875
4 0.4984375 0.43125 0.05625 0.128125
4 0.5703125 0.69375 0.059375 0.33125
4 0.36796875 0.9671875 0.7328125 0.0625
4 0.496875 0.8515625 0.99375 0.11875