0 0.49921875 0.49921875 0.9984375 0.9984375
2 0.234375 0.30546875 0.18125 0.1328125
4 0.5828125 0.4625 0.284375 0.265625
4 0.23515625 0.2984375 0.4109375 0.209375
4 0.38515625 0.28203125 0.0703125 0.1671875
4 0.13671875 0.64453125 0.2671875 0.3140625
4 0.6875 0.7 0.096875 0.3
4 0.49921875 0.8609375 0.9984375 0.275
4 0.50078125 0.83515625 0.9953125 0.1359375
4 0.06328125 0.309375 0.0734375 0.159375
4 0.39765625 0.2765625 0.0984375 0.246875
4 0.24296875 0.70703125 0.1109375 0.1890625
4 0.5 0.9703125 0.996875 0.05625
4 0.5265625 0.43203125 0.171875 0.1984375
4 0.66015625 0.521875 0.1265625 0.140625
4 0.37578125 0.3984375 0.7015625 0.4
4 0.58828125 0.58828125 0.2953125 0.5203125