1 0.3671875 0.50078125 0.734375 0.9890625
1 0.67734375 0.45390625 0.6421875 0.9078125
2 0.29609375 0.0578125 0.0765625 0.09375
2 0.0828125 0.37109375 0.0875 0.1578125
2 0.5828125 0.0359375 0.05625 0.071875
4 0.69765625 0.46953125 0.2296875 0.2578125
4 0.396875 0.521875 0.2375 0.265625
4 0.353125 0.46015625 0.33125 0.3953125
4 0.4296875 0.55859375 0.171875 0.1828125
4 0.43828125 0.56171875 0.1140625 0.1140625
4 0.74296875 0.53046875 0.1390625 0.1328125
4 0.21015625 0.93828125 0.4109375 0.1109375
4 0.3546875 0.47578125 0.15 0.1703125
4 0.5203125 0.68828125 0.1375 0.0890625
4 0.578125 0.31796875 0.140625 0.1546875
4 0.63671875 0.3546875 0.3546875 0.49375
4 0.65625 0.43515625 0.1375 0.1671875
4 0.6421875 0.41171875 0.09375 0.1109375
4 0.50546875 0.8703125 0.4578125 0.090625
4 0.459375 0.59140625 0.35 0.3546875
4 0.37109375 0.9015625 0.7265625 0.165625