0 0.4984375 0.49921875 0.996875 0.9984375
2 0.18671875 0.34921875 0.1484375 0.1671875
4 0.53515625 0.54296875 0.3921875 0.6203125
4 0.24140625 0.6078125 0.4421875 0.253125
4 0.5 0.85234375 0.99375 0.1046875
4 0.36796875 0.04765625 0.0640625 0.0921875
4 0.3046875 0.5296875 0.1625 0.096875
4 0.3765625 0.96796875 0.75 0.0609375
4 0.25546875 0.69375 0.0703125 0.275
4 0.61328125 0.68046875 0.2328125 0.3484375
4 0.18046875 0.48046875 0.3171875 0.0953125
4 0.45546875 0.40390625 0.1984375 0.2390625
4 0.1265625 0.65859375 0.215625 0.3296875