0 0.4984375 0.49921875 0.996875 0.9984375
2 0.1765625 0.3765625 0.146875 0.184375
4 0.55 0.46484375 0.296875 0.3265625
4 0.49921875 0.865625 0.9921875 0.0875
4 0.2515625 0.59609375 0.428125 0.2359375
4 0.65390625 0.7359375 0.1234375 0.25
4 0.82109375 0.728125 0.2328125 0.065625
4 0.1953125 0.465625 0.3 0.134375
4 0.25703125 0.7046875 0.0796875 0.259375
4 0.4984375 0.9046875 0.99375 0.18125
4 0.5421875 0.57578125 0.353125 0.5609375
4 0.16875 0.65625 0.2625 0.353125
4 0.36796875 0.96953125 0.7328125 0.0578125