0 0.49921875 0.49921875 0.9984375 0.9984375
2 0.2078125 0.3484375 0.134375 0.13125
4 0.6640625 0.74375 0.13125 0.221875
4 0.5828125 0.50859375 0.271875 0.3015625
4 0.625 0.67578125 0.20625 0.3546875
4 0.27109375 0.6875 0.0734375 0.25
4 0.56640625 0.67890625 0.0953125 0.3453125
4 0.2078125 0.5953125 0.35625 0.428125
4 0.52421875 0.459375 0.1234375 0.2
4 0.3796875 0.6140625 0.703125 0.48125
4 0.49921875 0.8453125 0.9921875 0.128125
4 0.3078125 0.6421875 0.153125 0.3375
4 0.5453125 0.5296875 0.365625 0.64375
4 0.19921875 0.45546875 0.3359375 0.1296875