0 0.49921875 0.49921875 0.9984375 0.9984375
2 0.1890625 0.30859375 0.153125 0.1703125
4 0.81796875 0.69296875 0.2640625 0.1296875
4 0.38046875 0.16875 0.1140625 0.3375
4 0.4484375 0.44296875 0.2375 0.2421875
4 0.6375 0.74140625 0.14375 0.2265625
4 0.51640625 0.48828125 0.3671875 0.3328125
4 0.359375 0.05859375 0.065625 0.1171875
4 0.26171875 0.69453125 0.0828125 0.2765625
4 0.45390625 0.41015625 0.1765625 0.1578125
4 0.2046875 0.071875 0.278125 0.1
4 0.8390625 0.67578125 0.2125 0.0796875
4 0.49921875 0.8453125 0.9953125 0.134375
4 0.3625 0.96796875 0.721875 0.0609375
4 0.29375 0.503125 0.153125 0.11875
4 0.23515625 0.56953125 0.4203125 0.2671875
4 0.178125 0.43203125 0.296875 0.1171875
4 0.1078125 0.54453125 0.171875 0.1703125
4 0.82265625 0.625 0.2296875 0.09375
4 0.13359375 0.63671875 0.2203125 0.3765625