0 0.49921875 0.49921875 0.9984375 0.9984375
2 0.1953125 0.275 0.175 0.159375
2 0.22109375 0.2546875 0.3140625 0.303125
4 0.546875 0.48515625 0.321875 0.3453125
4 0.62578125 0.5515625 0.1609375 0.203125
4 0.65625 0.51484375 0.5625 0.4109375
4 0.546875 0.67734375 0.0625 0.3203125
4 0.79765625 0.665625 0.1109375 0.08125
4 0.83984375 0.665625 0.1984375 0.090625
4 0.36015625 0.23828125 0.1328125 0.1859375
4 0.47265625 0.43515625 0.1671875 0.2484375
4 0.7578125 0.665625 0.028125 0.08125
4 0.4984375 0.8890625 0.99375 0.2125
4 0.4984375 0.85625 0.99375 0.09375
4 0.61171875 0.64296875 0.1953125 0.3890625
4 0.378125 0.97421875 0.753125 0.0484375