0 0.49921875 0.49921875 0.9953125 0.9953125
2 0.19375 0.34296875 0.1625 0.1359375
2 0.2171875 0.2953125 0.378125 0.371875
4 0.51796875 0.4328125 0.3578125 0.39375
4 0.57265625 0.61015625 0.2609375 0.4703125
4 0.65390625 0.74765625 0.1015625 0.2046875
4 0.1265625 0.66171875 0.21875 0.3078125
4 0.415625 0.3421875 0.146875 0.2125
4 0.56875 0.5046875 0.25 0.24375
4 0.23359375 0.59609375 0.4328125 0.2484375
4 0.81015625 0.72109375 0.2921875 0.1265625
4 0.26953125 0.396875 0.1296875 0.165625
4 0.496875 0.4609375 0.1 0.14375
4 0.546875 0.6671875 0.071875 0.35625
4 0.4765625 0.43046875 0.059375 0.0796875
4 0.36796875 0.54140625 0.6921875 0.6171875
4 0.49921875 0.83984375 0.9890625 0.1234375