0 0.49921875 0.49921875 0.9984375 0.9984375
2 0.203125 0.321875 0.14375 0.159375
4 0.1390625 0.65 0.2375 0.315625
4 0.20859375 0.21328125 0.3234375 0.2484375
4 0.38671875 0.96484375 0.7734375 0.0671875
4 0.2703125 0.68671875 0.090625 0.2546875
4 0.28828125 0.35625 0.1953125 0.228125
4 0.47109375 0.3609375 0.2484375 0.334375
4 0.82109375 0.7015625 0.2640625 0.134375
4 0.4984375 0.89375 0.996875 0.209375
4 0.7796875 0.6734375 0.10625 0.059375
4 0.23671875 0.609375 0.4359375 0.403125
4 0.83046875 0.675 0.2078125 0.071875
4 0.1890625 0.45625 0.33125 0.1