0 0.49921875 0.49921875 0.9984375 0.9984375
2 0.190625 0.378125 0.165625 0.159375
4 0.52109375 0.478125 0.3296875 0.36875
4 0.56796875 0.5328125 0.2265625 0.24375
4 0.60625 0.68203125 0.16875 0.3828125
4 0.38125 0.9671875 0.759375 0.0625
4 0.5484375 0.70234375 0.04375 0.3453125
4 0.1359375 0.6859375 0.23125 0.296875
4 0.4078125 0.390625 0.096875 0.203125
4 0.60625 0.5734375 0.13125 0.15
4 0.24921875 0.63828125 0.4578125 0.3734375
4 0.3609375 0.58125 0.671875 0.5875
4 0.47421875 0.4421875 0.4390625 0.865625