0 0.49921875 0.58125 0.8984375 0.6
4 0.51796875 0.51171875 0.3859375 0.2296875
4 0.91953125 0.65625 0.0421875 0.084375
4 0.49921875 0.8015625 0.8953125 0.146875
4 0.20546875 0.6828125 0.2203125 0.075
4 0.359375 0.68671875 0.096875 0.1921875
4 0.6484375 0.57421875 0.153125 0.1140625
4 0.7265625 0.6203125 0.4 0.228125
4 0.70390625 0.69609375 0.0546875 0.1453125
4 0.39921875 0.64921875 0.1734375 0.2671875
4 0.746875 0.5703125 0.353125 0.128125
4 0.3953125 0.5703125 0.140625 0.109375
4 0.75625 0.8578125 0.375 0.040625