0 0.534375 0.65390625 0.925 0.6484375
4 0.69296875 0.89921875 0.6046875 0.1484375
4 0.5 0.53515625 0.1625 0.1578125
4 0.59921875 0.36015625 0.0546875 0.0640625
4 0.25 0.7375 0.2375 0.16875
4 0.5296875 0.50703125 0.09375 0.1015625
4 0.25390625 0.7296875 0.1359375 0.084375
4 0.53203125 0.8421875 0.9265625 0.2625
4 0.24453125 0.7953125 0.2328125 0.05625
4 0.45078125 0.578125 0.2828125 0.25625
4 0.4015625 0.60546875 0.059375 0.0859375
4 0.69453125 0.9390625 0.6015625 0.06875
4 0.82578125 0.87734375 0.3359375 0.1046875
4 0.3671875 0.6328125 0.465625 0.36875
4 0.53359375 0.53203125 0.3265625 0.2359375
4 0.45078125 0.56875 0.0578125 0.090625
4 0.5203125 0.9375 0.25 0.06875