0 0.49921875 0.49921875 0.9984375 0.9984375
2 0.1875 0.42734375 0.15625 0.1671875
4 0.58671875 0.5078125 0.2421875 0.278125
4 0.5546875 0.67890625 0.053125 0.3359375
4 0.6640625 0.75234375 0.090625 0.2015625
4 0.34921875 0.0640625 0.0734375 0.128125
4 0.4984375 0.8796875 0.996875 0.21875
4 0.625 0.55625 0.159375 0.178125
4 0.6234375 0.66015625 0.1875 0.3796875
4 0.5140625 0.4640625 0.096875 0.1875
4 0.496875 0.9640625 0.990625 0.06875
4 0.13203125 0.6484375 0.2453125 0.315625
4 0.51171875 0.32578125 0.3890625 0.6421875
4 0.52734375 0.4515625 0.3453125 0.359375