0 0.49921875 0.49921875 0.9984375 0.9984375
2 0.2125 0.33828125 0.190625 0.2078125
4 0.61484375 0.6828125 0.2109375 0.35
4 0.23828125 0.30546875 0.3484375 0.3640625
4 0.134375 0.65234375 0.234375 0.3421875
4 0.553125 0.68125 0.0875 0.346875
4 0.4234375 0.33828125 0.128125 0.2203125
4 0.8328125 0.66796875 0.2125 0.0796875
4 0.8203125 0.73828125 0.278125 0.0984375
4 0.65703125 0.74296875 0.1265625 0.2328125
4 0.1890625 0.4640625 0.328125 0.121875
4 0.49765625 0.89375 0.9953125 0.196875
4 0.73203125 0.68359375 0.4453125 0.3515625