0 0.49921875 0.49609375 0.9921875 0.9859375
3 0.2609375 0.36171875 0.446875 0.7171875
2 0.19375 0.2875 0.171875 0.15
4 0.6640625 0.4765625 0.51875 0.3875
4 0.25546875 0.5453125 0.4546875 0.35625
4 0.66484375 0.70625 0.1109375 0.278125
4 0.4203125 0.2515625 0.140625 0.309375
4 0.31171875 0.48984375 0.1578125 0.1109375
4 0.49921875 0.87265625 0.9921875 0.2234375
4 0.821875 0.62734375 0.2 0.0828125
4 0.73515625 0.6234375 0.0296875 0.075
4 0.396875 0.19296875 0.084375 0.3734375
4 0.49375 0.96015625 0.984375 0.0609375
4 0.27265625 0.67578125 0.0890625 0.2765625
4 0.47890625 0.5953125 0.9015625 0.496875
4 0.196875 0.4203125 0.33125 0.121875