0 0.49921875 0.49921875 0.9984375 0.9984375
2 0.175 0.33515625 0.159375 0.1453125
4 0.65703125 0.74921875 0.1265625 0.2328125
4 0.390625 0.31875 0.16875 0.2625
4 0.61875 0.67890625 0.2 0.3640625
4 0.24609375 0.615625 0.4703125 0.275
4 0.50078125 0.49609375 0.3890625 0.2453125
4 0.55703125 0.678125 0.0703125 0.353125
4 0.221875 0.73046875 0.121875 0.1859375
4 0.49921875 0.896875 0.9984375 0.196875
4 0.3625 0.97265625 0.725 0.0515625
4 0.49921875 0.85625 0.9984375 0.096875
4 0.51015625 0.5234375 0.4203125 0.675