2 0.49921875 0.49921875 0.9984375 0.9984375
4 0.2703125 0.50859375 0.4 0.3140625
4 0.65234375 0.6359375 0.1171875 0.328125
4 0.43671875 0.2609375 0.2484375 0.29375
4 0.36953125 0.04453125 0.0671875 0.0859375
4 0.025 0.32109375 0.040625 0.1046875
4 0.61875 0.53359375 0.18125 0.5328125
4 0.51328125 0.45390625 0.4015625 0.6859375
4 0.43828125 0.1625 0.0640625 0.103125
4 0.25078125 0.61640625 0.0578125 0.2796875
4 0.3953125 0.19921875 0.15625 0.1703125
4 0.4625 0.9609375 0.921875 0.071875
4 0.5609375 0.53359375 0.05625 0.5296875
4 0.49921875 0.78359375 0.9921875 0.1671875