0 0.49921875 0.49921875 0.9984375 0.9984375
2 0.16953125 0.440625 0.1453125 0.178125
4 0.22421875 0.64609375 0.4390625 0.2515625
4 0.49921875 0.89765625 0.9984375 0.2015625
4 0.64375 0.7328125 0.115625 0.240625
4 0.19140625 0.19453125 0.3046875 0.1578125
4 0.20625 0.30390625 0.36875 0.2953125
4 0.809375 0.7140625 0.28125 0.115625
4 0.36015625 0.25625 0.0890625 0.128125
4 0.11796875 0.6984375 0.2296875 0.25625
4 0.36015625 0.96875 0.7171875 0.059375
4 0.79453125 0.634375 0.1265625 0.078125
4 0.85703125 0.89296875 0.2828125 0.1453125
4 0.4984375 0.75390625 0.99375 0.4828125
4 0.52421875 0.67109375 0.0671875 0.3640625
4 0.14140625 0.2171875 0.2046875 0.1125