0 0.496875 0.49921875 0.99375 0.9984375
2 0.19375 0.3390625 0.16875 0.18125
4 0.81328125 0.66875 0.2171875 0.084375
4 0.51484375 0.425 0.3421875 0.4375
4 0.8 0.7546875 0.28125 0.096875
4 0.59375 0.54609375 0.096875 0.1453125
4 0.40390625 0.3125 0.1203125 0.2125
4 0.2375 0.58828125 0.434375 0.2640625
4 0.4953125 0.9015625 0.990625 0.184375
4 0.25703125 0.70234375 0.0796875 0.2484375
4 0.50703125 0.46875 0.0953125 0.1625
4 0.18515625 0.45703125 0.3203125 0.1078125
4 0.36953125 0.975 0.7328125 0.046875
4 0.45 0.37890625 0.2125 0.3453125
4 0.6421875 0.50625 0.596875 0.603125
4 0.55078125 0.50234375 0.1890625 0.2328125
4 0.13046875 0.64609375 0.2234375 0.3546875