0 0.5015625 0.49921875 0.990625 0.9984375
2 0.196875 0.35078125 0.146875 0.1765625
4 0.65546875 0.703125 0.1203125 0.278125
4 0.13203125 0.58046875 0.2359375 0.1765625
4 0.24140625 0.57578125 0.4515625 0.3015625
4 0.5453125 0.40546875 0.3 0.2984375
4 0.60078125 0.58046875 0.2203125 0.5171875
4 0.34140625 0.48984375 0.1765625 0.1734375
4 0.81484375 0.62265625 0.2546875 0.1984375
4 0.21796875 0.1140625 0.3328125 0.225
4 0.54453125 0.62421875 0.0796875 0.4171875
4 0.5046875 0.83203125 0.98125 0.1453125
4 0.24609375 0.3828125 0.4515625 0.696875
4 0.4796875 0.51953125 0.921875 0.4921875
4 0.68671875 0.48984375 0.5109375 0.4671875
4 0.55546875 0.41953125 0.1328125 0.1765625