0 0.49921875 0.49921875 0.9984375 0.9984375
2 0.178125 0.43046875 0.15625 0.1890625
4 0.65 0.7078125 0.11875 0.2875
4 0.540625 0.65859375 0.06875 0.3796875
4 0.5578125 0.465625 0.259375 0.275
4 0.209375 0.5359375 0.4 0.16875
4 0.4578125 0.446875 0.471875 0.321875
4 0.296875 0.39765625 0.190625 0.2328125
4 0.60625 0.6578125 0.2 0.384375
4 0.4984375 0.90078125 0.996875 0.1921875
4 0.4984375 0.43203125 0.134375 0.1953125
4 0.31640625 0.53828125 0.1890625 0.1765625
4 0.6109375 0.553125 0.171875 0.184375
4 0.3703125 0.97421875 0.734375 0.0484375