0 0.49921875 0.49921875 0.9984375 0.9984375
2 0.17734375 0.39375 0.1703125 0.196875
4 0.1828125 0.140625 0.271875 0.140625
4 0.20703125 0.259375 0.3765625 0.30625
4 0.12578125 0.67109375 0.2421875 0.2671875
4 0.81796875 0.68828125 0.2703125 0.1578125
4 0.66640625 0.690625 0.0984375 0.290625
4 0.55 0.63984375 0.0625 0.3890625
4 0.6140625 0.6328125 0.196875 0.40625
4 0.234375 0.6234375 0.45625 0.24375
4 0.3125 0.38359375 0.234375 0.3515625
4 0.4953125 0.8875 0.9875 0.215625
4 0.48671875 0.94765625 0.9734375 0.0984375
4 0.3875 0.9703125 0.76875 0.053125
4 0.4984375 0.815625 0.996875 0.159375