0 0.49921875 0.49765625 0.9984375 0.9953125
2 0.175 0.32109375 0.16875 0.1890625
2 0.38359375 0.659375 0.5609375 0.321875
4 0.63671875 0.74140625 0.1328125 0.2171875
4 0.4546875 0.365625 0.2 0.3375
4 0.38671875 0.29765625 0.0734375 0.2015625
4 0.803125 0.64453125 0.20625 0.0984375
4 0.34296875 0.053125 0.0609375 0.10625
4 0.63359375 0.50390625 0.5640625 0.6140625
4 0.528125 0.4640625 0.046875 0.140625
4 0.80546875 0.715625 0.2734375 0.125
4 0.578125 0.66015625 0.18125 0.3765625
4 0.48515625 0.41484375 0.0515625 0.1328125
4 0.50625 0.4421875 0.09375 0.18125
4 0.5 0.8390625 0.99375 0.128125
4 0.50078125 0.42578125 0.4046875 0.8484375
4 0.7671875 0.6453125 0.115625 0.078125
4 0.36171875 0.1984375 0.1140625 0.396875
4 0.37421875 0.96796875 0.7421875 0.0546875