1 0.49921875 0.49921875 0.9984375 0.9984375
2 0.2015625 0.446875 0.1875 0.2
4 0.55390625 0.684375 0.0546875 0.31875
4 0.6171875 0.6765625 0.1875 0.3375
4 0.3796875 0.96328125 0.753125 0.0703125
4 0.15078125 0.653125 0.2671875 0.31875
4 0.534375 0.48125 0.328125 0.3375
4 0.4609375 0.4484375 0.178125 0.271875
4 0.5 0.82578125 0.990625 0.1359375
4 0.61640625 0.5765625 0.1640625 0.146875
4 0.73359375 0.67734375 0.4265625 0.3359375
4 0.3625 0.56796875 0.684375 0.5140625
4 0.80859375 0.73203125 0.2796875 0.1640625