0 0.4984375 0.49921875 0.996875 0.9953125
2 0.19453125 0.45 0.1609375 0.146875
4 0.59296875 0.54921875 0.2203125 0.2234375
4 0.8078125 0.7390625 0.275 0.13125
4 0.615625 0.67421875 0.190625 0.3609375
4 0.54765625 0.69609375 0.0546875 0.3140625
4 0.6578125 0.7375 0.109375 0.2375
4 0.40625 0.246875 0.13125 0.45625
4 0.8140625 0.67265625 0.175 0.0796875
4 0.740625 0.67265625 0.025 0.0765625
4 0.51875 0.340625 0.365625 0.646875
4 0.77265625 0.73984375 0.3390625 0.2265625
4 0.375 0.9625 0.74375 0.06875
4 0.5 0.84921875 0.99375 0.1171875