0 0.49921875 0.49921875 0.9984375 0.9984375
2 0.17421875 0.27109375 0.1671875 0.1921875
4 0.1234375 0.6390625 0.23125 0.353125
4 0.64609375 0.70703125 0.1421875 0.2890625
4 0.53359375 0.4421875 0.3546875 0.3125
4 0.81484375 0.69140625 0.2890625 0.1390625
4 0.5953125 0.48515625 0.234375 0.2265625
4 0.2953125 0.0390625 0.0875 0.078125
4 0.2078125 0.21875 0.35 0.43125
4 0.240625 0.66171875 0.090625 0.3140625
4 0.53671875 0.64765625 0.1078125 0.3984375
4 0.59765625 0.6109375 0.2390625 0.478125
4 0.3765625 0.96640625 0.746875 0.0609375
4 0.49921875 0.834375 0.9953125 0.134375