0 0.49921875 0.49921875 0.9953125 0.9984375
2 0.19765625 0.3296875 0.1578125 0.16875
4 0.2421875 0.56796875 0.440625 0.2578125
4 0.53828125 0.425 0.3359375 0.453125
4 0.5984375 0.53046875 0.215625 0.2390625
4 0.81328125 0.68046875 0.2140625 0.0921875
4 0.63515625 0.5640625 0.1421875 0.171875
4 0.68359375 0.60546875 0.0421875 0.0921875
4 0.4328125 0.31875 0.128125 0.240625
4 0.4984375 0.85390625 0.99375 0.1296875
4 0.3859375 0.965625 0.76875 0.059375
4 0.48046875 0.6296875 0.9265625 0.46875
4 0.653125 0.48515625 0.571875 0.5765625