0 0.465625 0.46328125 0.884375 0.7046875
2 0.19296875 0.38203125 0.1421875 0.1359375
4 0.240625 0.53203125 0.4 0.2046875
4 0.5171875 0.5671875 0.05625 0.253125
4 0.21953125 0.18671875 0.2859375 0.1515625
4 0.35625 0.7875 0.646875 0.040625
4 0.5703125 0.5578125 0.16875 0.278125
4 0.41640625 0.3328125 0.1984375 0.275
4 0.6140625 0.60625 0.09375 0.1875
4 0.46640625 0.72890625 0.8765625 0.1546875
4 0.4640625 0.4046875 0.103125 0.125
4 0.35390625 0.25 0.0703125 0.096875
4 0.52265625 0.434375 0.2265625 0.1875
4 0.36875 0.29375 0.103125 0.190625
4 0.478125 0.36484375 0.328125 0.3359375