0 0.50546875 0.49921875 0.9859375 0.9984375
2 0.2234375 0.3640625 0.16875 0.1875
4 0.634375 0.6453125 0.175 0.390625
4 0.42109375 0.25234375 0.1015625 0.2703125
4 0.2390625 0.09453125 0.31875 0.1890625
4 0.1609375 0.65859375 0.246875 0.2828125
4 0.8734375 0.90234375 0.25 0.1484375
4 0.50625 0.8890625 0.98125 0.215625
4 0.5765625 0.646875 0.05625 0.38125
4 0.66796875 0.73671875 0.0796875 0.2078125
4 0.38515625 0.96328125 0.7390625 0.0703125
4 0.521875 0.42109375 0.109375 0.1859375
4 0.26328125 0.590625 0.4515625 0.340625
4 0.83359375 0.62890625 0.1734375 0.0859375