2 0.49921875 0.49921875 0.9984375 0.9984375
4 0.82890625 0.5484375 0.2171875 0.09375
4 0.590625 0.37734375 0.228125 0.2890625
4 0.50234375 0.784375 0.9890625 0.15625
4 0.2765625 0.6234375 0.05625 0.25625
4 0.05078125 0.40703125 0.0453125 0.1078125
4 0.28359375 0.54375 0.4109375 0.2625
4 0.33984375 0.42890625 0.1546875 0.1609375
4 0.37890625 0.95 0.7515625 0.09375
4 0.54296875 0.26875 0.3234375 0.50625
4 0.64609375 0.44140625 0.1140625 0.1609375
4 0.53828125 0.33359375 0.1234375 0.1953125
4 0.48515625 0.5046875 0.9234375 0.346875