0 0.49921875 0.49921875 0.9984375 0.9984375
2 0.19921875 0.34609375 0.1640625 0.1734375
4 0.53515625 0.4265625 0.3703125 0.428125
4 0.32734375 0.11328125 0.0921875 0.0984375
4 0.82578125 0.65703125 0.2203125 0.0859375
4 0.81640625 0.70234375 0.2765625 0.1640625
4 0.53515625 0.4390625 0.1109375 0.209375
4 0.66328125 0.7375 0.1203125 0.240625
4 0.65078125 0.53046875 0.6078125 0.6390625
4 0.5 0.84765625 0.99375 0.1234375
4 0.2 0.62578125 0.340625 0.3890625
4 0.18515625 0.46328125 0.3140625 0.1296875
4 0.57890625 0.46953125 0.2078125 0.2703125
4 0.50078125 0.45859375 0.4421875 0.7953125