0 0.5 0.4984375 0.99375 0.996875
2 0.21015625 0.41796875 0.1546875 0.1859375
4 0.1609375 0.66875 0.25625 0.265625
4 0.4 0.28046875 0.1125 0.2640625
4 0.38359375 0.2171875 0.0765625 0.134375
4 0.63203125 0.653125 0.1796875 0.375
4 0.81796875 0.709375 0.2609375 0.128125
4 0.6765625 0.69921875 0.1 0.2890625
4 0.57109375 0.6546875 0.0453125 0.36875
4 0.50078125 0.8859375 0.9890625 0.215625
4 0.21953125 0.25859375 0.3265625 0.3234375
4 0.38203125 0.96875 0.7390625 0.053125
4 0.5921875 0.49921875 0.234375 0.1828125