0 0.49765625 0.49921875 0.9953125 0.9984375
2 0.19375 0.340625 0.153125 0.15625
4 0.54296875 0.49453125 0.3328125 0.2703125
4 0.828125 0.73671875 0.2625 0.0890625
4 0.53828125 0.6015625 0.3734375 0.509375
4 0.49765625 0.89453125 0.9890625 0.2078125
4 0.4984375 0.95390625 0.984375 0.0890625
4 0.67265625 0.73671875 0.1046875 0.2421875
4 0.62734375 0.6703125 0.1921875 0.371875
4 0.14375 0.671875 0.24375 0.296875
4 0.38046875 0.9703125 0.7453125 0.05625
4 0.4921875 0.60625 0.9375 0.5125
4 0.25625 0.603125 0.465625 0.253125