0 0.49921875 0.49921875 0.9984375 0.9984375
4 0.23671875 0.56328125 0.4390625 0.2640625
4 0.56015625 0.42421875 0.2859375 0.3359375
4 0.6046875 0.6453125 0.21875 0.409375
4 0.83203125 0.6234375 0.2046875 0.09375
4 0.65078125 0.721875 0.1390625 0.2625
4 0.221875 0.240625 0.346875 0.35625
4 0.3671875 0.115625 0.0875 0.228125
4 0.49921875 0.896875 0.9984375 0.203125
4 0.4984375 0.3859375 0.153125 0.25
4 0.36484375 0.97265625 0.7296875 0.0515625
4 0.6734375 0.4640625 0.51875 0.41875
4 0.54296875 0.65 0.0921875 0.39375
4 0.12890625 0.6203125 0.2265625 0.371875