0 0.496875 0.453125 0.99375 0.90625
1 0.209375 0.253125 0.41875 0.50625
4 0.5625 0.43671875 0.33125 0.3765625
4 0.45 0.3828125 0.1 0.225
4 0.5296875 0.4671875 0.075 0.159375
4 0.0984375 0.38046875 0.05625 0.2078125
4 0.64609375 0.540625 0.0609375 0.11875
4 0.13515625 0.58203125 0.0328125 0.0921875
4 0.603125 0.52421875 0.0375 0.0984375
4 0.58828125 0.50625 0.0703125 0.134375
4 0.484375 0.41484375 0.16875 0.2640625
4 0.7078125 0.58359375 0.04375 0.0859375
4 0.58515625 0.4953125 0.1859375 0.203125
4 0.34765625 0.44609375 0.1140625 0.1140625