0 0.51484375 0.49921875 0.9671875 0.9953125
2 0.21640625 0.8375 0.2078125 0.040625
4 0.38203125 0.38984375 0.0453125 0.4671875
4 0.275 0.58125 0.446875 0.2875
4 0.56015625 0.3890625 0.3109375 0.515625
4 0.6125 0.5296875 0.203125 0.225
4 0.6234375 0.68125 0.196875 0.35625
4 0.43671875 0.278125 0.0609375 0.296875
4 0.659375 0.575 0.1125 0.1375
4 0.5328125 0.86171875 0.928125 0.0984375
4 0.57109375 0.6796875 0.0890625 0.359375
4 0.41015625 0.375 0.1296875 0.496875
4 0.18671875 0.55078125 0.2578125 0.1953125
4 0.37578125 0.3375 0.0890625 0.571875