0 0.4984375 0.4984375 0.996875 0.996875
4 0.2390625 0.1859375 0.371875 0.21875
4 0.14609375 0.6296875 0.2546875 0.38125
4 0.83203125 0.73359375 0.2796875 0.0921875
4 0.54453125 0.4703125 0.3609375 0.39375
4 0.23125 0.71640625 0.078125 0.2109375
4 0.39296875 0.1796875 0.0703125 0.11875
4 0.5390625 0.46484375 0.165625 0.2140625
4 0.11328125 0.55078125 0.1890625 0.1828125
4 0.24140625 0.56953125 0.4453125 0.3109375
4 0.28125 0.6921875 0.084375 0.259375
4 0.6578125 0.73203125 0.146875 0.2296875
4 0.49921875 0.890625 0.9921875 0.2
4 0.19921875 0.44140625 0.3453125 0.1265625
4 0.3125 0.2734375 0.20625 0.390625