0 0.49921875 0.49921875 0.9984375 0.9984375
4 0.240625 0.55859375 0.4375 0.2640625
4 0.565625 0.41875 0.278125 0.3375
4 0.60703125 0.6390625 0.2203125 0.40625
4 0.653125 0.71484375 0.140625 0.2609375
4 0.13359375 0.6171875 0.2265625 0.375
4 0.83203125 0.61953125 0.2046875 0.0890625
4 0.49921875 0.8953125 0.9953125 0.20625
4 0.20234375 0.29609375 0.1703125 0.2078125
4 0.3671875 0.96796875 0.721875 0.0609375
4 0.2265625 0.246875 0.35625 0.378125
4 0.5453125 0.64296875 0.09375 0.3921875
4 0.184375 0.42421875 0.309375 0.1265625