0 0.49921875 0.49921875 0.9984375 0.9984375
2 0.2046875 0.3515625 0.159375 0.1375
4 0.22421875 0.23359375 0.3671875 0.2265625
4 0.15546875 0.65390625 0.2546875 0.3609375
4 0.8046875 0.71484375 0.290625 0.1359375
4 0.25 0.5578125 0.446875 0.29375
4 0.63671875 0.7125 0.1515625 0.309375
4 0.3671875 0.96328125 0.73125 0.0703125
4 0.58359375 0.57734375 0.2515625 0.5796875
4 0.4984375 0.909375 0.996875 0.178125
4 0.3046875 0.36484375 0.2125 0.2359375
4 0.2859375 0.6984375 0.1 0.284375
4 0.5484375 0.653125 0.125 0.41875