0 0.490625 0.49921875 0.975 0.9953125
2 0.18515625 0.3203125 0.1609375 0.1875
4 0.79296875 0.7203125 0.2734375 0.125
4 0.2046875 0.19296875 0.328125 0.2203125
4 0.2109375 0.06875 0.29375 0.1375
4 0.225 0.61328125 0.425 0.4109375
4 0.51015625 0.55234375 0.3796875 0.5890625
4 0.121875 0.64375 0.21875 0.346875
4 0.62890625 0.74296875 0.1109375 0.2109375
4 0.23828125 0.6921875 0.0734375 0.2625
4 0.36328125 0.96953125 0.7140625 0.0515625
4 0.490625 0.89296875 0.971875 0.2015625
4 0.17578125 0.45078125 0.3140625 0.1296875