0 0.49765625 0.49921875 0.9953125 0.9953125
2 0.19765625 0.34296875 0.1640625 0.1796875
4 0.55078125 0.66875 0.0796875 0.3625
4 0.65078125 0.75 0.1234375 0.2125
4 0.6140625 0.66953125 0.20625 0.3703125
4 0.328125 0.10703125 0.084375 0.0890625
4 0.23984375 0.58671875 0.4421875 0.2609375
4 0.26328125 0.7390625 0.0546875 0.175
4 0.8296875 0.65390625 0.2 0.0828125
4 0.1546875 0.640625 0.271875 0.36875
4 0.81875 0.73046875 0.28125 0.1078125
4 0.18515625 0.46171875 0.3171875 0.1203125
4 0.22421875 0.1125 0.2953125 0.1
4 0.4859375 0.62421875 0.9375 0.4421875
4 0.41796875 0.32578125 0.1390625 0.2421875
4 0.4984375 0.89921875 0.99375 0.1796875
4 0.525 0.42109375 0.353125 0.4296875
4 0.50234375 0.459375 0.4328125 0.790625