0 0.49921875 0.49921875 0.9984375 0.9984375
2 0.2 0.27421875 0.15625 0.1984375
4 0.19609375 0.16953125 0.3296875 0.2328125
4 0.23515625 0.55859375 0.4515625 0.2640625
4 0.66796875 0.5140625 0.5515625 0.40625
4 0.64921875 0.71640625 0.1390625 0.2765625
4 0.4984375 0.89140625 0.996875 0.2046875
4 0.21015625 0.22109375 0.3671875 0.4296875
4 0.2890625 0.3125 0.196875 0.25
4 0.54921875 0.453125 0.3046875 0.284375
4 0.55625 0.5828125 0.325 0.5375
4 0.3859375 0.9671875 0.76875 0.053125
4 0.540625 0.65078125 0.09375 0.4015625
4 0.1359375 0.6234375 0.253125 0.390625