1 0.496875 0.48984375 0.959375 0.9796875
2 0.1953125 0.31015625 0.146875 0.1828125
4 0.66171875 0.48203125 0.5171875 0.4234375
4 0.54765625 0.44375 0.2796875 0.340625
4 0.6453125 0.7390625 0.1125 0.225
4 0.51328125 0.43984375 0.0890625 0.1578125
4 0.6265625 0.54375 0.11875 0.1375
4 0.26484375 0.671875 0.0796875 0.275
4 0.2453125 0.56484375 0.409375 0.2515625
4 0.2125 0.06953125 0.246875 0.0890625
4 0.8046875 0.6359375 0.23125 0.1125
4 0.484375 0.39921875 0.15 0.2453125
4 0.49765625 0.8671875 0.9578125 0.2125
4 0.50234375 0.95703125 0.9765625 0.0578125