2 0.49609375 0.49296875 0.9890625 0.9859375
4 0.2 0.26796875 0.159375 0.2109375
4 0.64296875 0.7296875 0.1296875 0.2375
4 0.234375 0.553125 0.446875 0.26875
4 0.1359375 0.61640625 0.25 0.3921875
4 0.6015625 0.70390625 0.221875 0.2859375
4 0.49765625 0.87578125 0.9859375 0.2078125
4 0.54375 0.45 0.3 0.28125
4 0.2890625 0.31171875 0.19375 0.2484375
4 0.63046875 0.57265625 0.5953125 0.5453125
4 0.21015625 0.2203125 0.3515625 0.428125
4 0.11015625 0.5265625 0.1953125 0.1875
4 0.384375 0.9609375 0.753125 0.05
4 0.534375 0.7046875 0.090625 0.275
4 0.58984375 0.4984375 0.2078125 0.184375
4 0.19765625 0.1609375 0.3109375 0.21875