2 0.49921875 0.490625 0.9890625 0.978125
4 0.5109375 0.3234375 0.359375 0.5625
4 0.5625 0.478125 0.246875 0.240625
4 0.39140625 0.25 0.1078125 0.35625
4 0.21015625 0.096875 0.3234375 0.08125
4 0.11015625 0.55703125 0.1578125 0.1234375
4 0.27109375 0.734375 0.0640625 0.1375
4 0.62421875 0.5453125 0.1265625 0.109375
4 0.5 0.84453125 0.9875 0.2453125
4 0.796875 0.70078125 0.284375 0.1359375
4 0.49765625 0.44296875 0.1046875 0.1515625
4 0.2078125 0.14375 0.3375 0.190625
4 0.6640625 0.56484375 0.040625 0.0671875
4 0.61328125 0.5390625 0.0359375 0.065625
4 0.64609375 0.71875 0.1109375 0.23125