0 0.49921875 0.49765625 0.9984375 0.9953125
2 0.27890625 0.06796875 0.0796875 0.0984375
2 0.565625 0.35703125 0.46875 0.6578125
2 0.075 0.315625 0.075 0.184375
2 0.52265625 0.0765625 0.0734375 0.084375
4 0.6515625 0.49296875 0.275 0.3328125
4 0.55546875 0.684375 0.3609375 0.1875
4 0.8390625 0.696875 0.246875 0.040625
4 0.36875 0.440625 0.3625 0.35625
4 0.57578125 0.71328125 0.2796875 0.0546875
4 0.19140625 0.9609375 0.3703125 0.05625
4 0.1203125 0.53828125 0.209375 0.2859375
4 0.91484375 0.940625 0.1109375 0.0375
4 0.49921875 0.8828125 0.9953125 0.196875
4 0.8296875 0.659375 0.259375 0.121875
4 0.84140625 0.70078125 0.2640625 0.0765625