0 0.4984375 0.49765625 0.990625 0.9859375
2 0.18125 0.44453125 0.153125 0.1703125
4 0.8171875 0.65 0.2 0.096875
4 0.80390625 0.67734375 0.2421875 0.1609375
4 0.72421875 0.615625 0.3984375 0.284375
4 0.6125 0.57421875 0.171875 0.1890625
4 0.64765625 0.76015625 0.0859375 0.1859375
4 0.8140625 0.72265625 0.228125 0.0921875
4 0.78046875 0.6484375 0.1140625 0.08125
4 0.23984375 0.6296875 0.4546875 0.24375
4 0.60390625 0.65859375 0.2015625 0.3796875
4 0.36796875 0.2640625 0.0796875 0.11875
4 0.5265625 0.50703125 0.3375 0.2890625
4 0.49921875 0.86328125 0.9890625 0.1390625
4 0.2625 0.72265625 0.0875 0.2109375
4 0.63359375 0.559375 0.5796875 0.39375
4 0.73828125 0.6484375 0.0296875 0.084375
4 0.14921875 0.63359375 0.2703125 0.2015625
4 0.4703125 0.62109375 0.9125 0.2890625