0 0.4984375 0.49921875 0.996875 0.9984375
2 0.19140625 0.31640625 0.1578125 0.1859375
2 0.39375 0.784375 0.19375 0.053125
4 0.4984375 0.903125 0.99375 0.184375
4 0.25859375 0.725 0.0765625 0.2
4 0.29921875 0.5171875 0.1640625 0.10625
4 0.1546875 0.65 0.28125 0.346875
4 0.215625 0.07890625 0.35 0.1453125
4 0.17265625 0.4625 0.3171875 0.103125
4 0.36953125 0.62578125 0.7140625 0.4546875
4 0.365625 0.97421875 0.728125 0.0484375
4 0.8203125 0.6796875 0.209375 0.084375
4 0.234375 0.56171875 0.440625 0.3046875