0 0.50546875 0.49921875 0.9859375 0.9984375
2 0.1578125 0.38125 0.14375 0.134375
4 0.17265625 0.5109375 0.3015625 0.140625
4 0.6171875 0.55 0.625 0.35
4 0.31484375 0.046875 0.0546875 0.09375
4 0.3671875 0.303125 0.14375 0.28125
4 0.33671875 0.2359375 0.0796875 0.1375
4 0.79921875 0.63828125 0.2109375 0.0984375
4 0.53984375 0.6671875 0.0828125 0.375
4 0.6078125 0.66875 0.21875 0.378125
4 0.5078125 0.878125 0.98125 0.228125
4 0.56015625 0.41796875 0.7328125 0.6296875
4 0.8015625 0.69140625 0.278125 0.1109375
4 0.23671875 0.7171875 0.0890625 0.246875
4 0.25546875 0.51640625 0.1359375 0.1359375
4 0.61875 0.5453125 0.103125 0.103125
4 0.175 0.63984375 0.303125 0.3953125
4 0.26875 0.51796875 0.090625 0.0921875
4 0.25546875 0.64296875 0.1296875 0.3890625
4 0.55546875 0.496875 0.2609375 0.203125