0 0.49921875 0.49921875 0.9984375 0.9984375
2 0.2015625 0.346875 0.15625 0.13125
4 0.14375 0.6484375 0.21875 0.328125
4 0.41015625 0.3046875 0.1328125 0.26875
4 0.4359375 0.359375 0.075 0.15625
4 0.52421875 0.39921875 0.3640625 0.4640625
4 0.83359375 0.64765625 0.2203125 0.0859375
4 0.3703125 0.96484375 0.728125 0.0671875
4 0.6234375 0.67578125 0.175 0.3421875
4 0.565625 0.675 0.05625 0.346875
4 0.5 0.88671875 0.996875 0.2203125
4 0.81953125 0.73359375 0.2828125 0.1390625
4 0.44765625 0.3546875 0.2109375 0.371875