0 0.49609375 0.49609375 0.9796875 0.9859375
2 0.20234375 0.4015625 0.1515625 0.171875
4 0.61171875 0.63359375 0.1859375 0.4078125
4 0.3765625 0.9625 0.728125 0.05
4 0.65703125 0.7078125 0.0984375 0.265625
4 0.8078125 0.71640625 0.24375 0.1109375
4 0.146875 0.5984375 0.24375 0.240625
4 0.55078125 0.63515625 0.0609375 0.4015625
4 0.496875 0.86953125 0.975 0.2203125
4 0.296875 0.06484375 0.134375 0.1265625
4 0.253125 0.59765625 0.45 0.2671875
4 0.6140625 0.5171875 0.15625 0.165625
4 0.49765625 0.84375 0.9734375 0.096875
4 0.64609375 0.74921875 0.0734375 0.1734375
4 0.52734375 0.42890625 0.3515625 0.8203125