0 0.4953125 0.49140625 0.9625 0.9734375
2 0.2140625 0.30234375 0.18125 0.2109375
2 0.24609375 0.271875 0.3296875 0.371875
4 0.6578125 0.7125 0.11875 0.265625
4 0.61640625 0.65859375 0.2015625 0.3734375
4 0.8140625 0.6546875 0.240625 0.153125
4 0.15078125 0.625 0.2234375 0.375
4 0.6421875 0.55 0.1125 0.115625
4 0.815625 0.72109375 0.259375 0.0953125
4 0.49609375 0.8640625 0.9609375 0.20625
4 0.5203125 0.40859375 0.109375 0.2359375
4 0.72734375 0.65546875 0.4203125 0.3796875
4 0.52890625 0.44921875 0.0859375 0.1515625
4 0.55703125 0.6578125 0.0828125 0.371875
4 0.23359375 0.175 0.3234375 0.178125