0 0.49921875 0.49921875 0.9984375 0.9984375
2 0.190625 0.40546875 0.159375 0.1859375
4 0.1359375 0.6796875 0.2375 0.25625
4 0.58046875 0.5078125 0.2359375 0.225
4 0.840625 0.70234375 0.209375 0.0640625
4 0.23984375 0.60703125 0.4390625 0.2890625
4 0.51484375 0.46875 0.0546875 0.11875
4 0.81953125 0.72734375 0.2546875 0.1203125
4 0.3265625 0.5375 0.18125 0.171875
4 0.55078125 0.675 0.0578125 0.365625
4 0.30703125 0.38984375 0.1921875 0.2453125
4 0.20546875 0.27109375 0.3359375 0.2890625
4 0.6171875 0.53828125 0.1625 0.1609375
4 0.66640625 0.7265625 0.1015625 0.275
4 0.22109375 0.53671875 0.3953125 0.1765625
4 0.61640625 0.6609375 0.1890625 0.4
4 0.378125 0.96796875 0.746875 0.0609375
4 0.375 0.221875 0.075 0.128125
4 0.2625 0.71015625 0.0625 0.2078125
4 0.49921875 0.9140625 0.9984375 0.16875