1 0.25078125 0.49765625 0.5015625 0.8171875
1 0.73671875 0.50390625 0.5234375 0.7921875
2 0.921875 0.3703125 0.096875 0.125
4 0.26640625 0.465625 0.4109375 0.140625
4 0.71484375 0.503125 0.4515625 0.20625
4 0.271875 0.51484375 0.390625 0.1078125
4 0.2734375 0.43515625 0.109375 0.0734375
4 0.20078125 0.44453125 0.2546875 0.0921875
4 0.2875 0.87890625 0.434375 0.0609375
4 0.71953125 0.8734375 0.4296875 0.05625
4 0.059375 0.3796875 0.075 0.134375
4 0.6875 0.50390625 0.35 0.0734375
4 0.39453125 0.446875 0.1484375 0.09375
4 0.496875 0.6484375 0.978125 0.5
4 0.696875 0.440625 0.40625 0.08125
4 0.4984375 0.4921875 0.890625 0.19375
4 0.25 0.54765625 0.446875 0.3078125