1 0.13046875 0.63515625 0.2609375 0.2921875
2 0.46328125 0.49921875 0.9015625 0.9984375
2 0.65390625 0.01875 0.1890625 0.0375
2 0.35546875 0.15234375 0.0640625 0.1171875
4 0.39296875 0.54453125 0.2671875 0.3515625
4 0.19140625 0.74609375 0.2078125 0.1484375
4 0.67578125 0.5953125 0.2515625 0.25625
4 0.35625 0.5921875 0.1375 0.184375
4 0.29453125 0.42578125 0.1890625 0.2421875
4 0.44375 0.48359375 0.14375 0.2046875
4 0.303125 0.3375 0.2125 0.484375
4 0.36875 0.4125 0.315625 0.628125
4 0.39765625 0.5546875 0.1734375 0.19375
4 0.30390625 0.6140625 0.4640625 0.5
4 0.36640625 0.578125 0.0953125 0.121875