1 0.503125 0.49765625 0.990625 0.9953125
1 0.40546875 0.2875 0.8109375 0.575
2 0.49453125 0.6171875 0.7609375 0.396875
4 0.5140625 0.846875 0.2125 0.1
4 0.73203125 0.53984375 0.1296875 0.1046875
4 0.28671875 0.153125 0.3515625 0.30625
4 0.46953125 0.59375 0.3453125 0.25
4 0.21875 0.2171875 0.215625 0.184375
4 0.09375 0.46015625 0.184375 0.0859375
4 0.828125 0.5875 0.3375 0.225
4 0.14453125 0.43984375 0.2859375 0.1265625
4 0.12421875 0.3328125 0.2265625 0.10625
4 0.49375 0.80078125 0.75625 0.1859375
4 0.75859375 0.5171875 0.0671875 0.053125
4 0.4359375 0.98828125 0.109375 0.0203125