3 0.4875 0.73203125 0.86875 0.3546875
1 0.74296875 0.5140625 0.4859375 0.803125
1 0.3140625 0.696875 0.490625 0.265625
2 0.46953125 0.965625 0.2046875 0.065625
2 0.821875 0.21953125 0.078125 0.0890625
2 0.503125 0.85078125 0.190625 0.0359375
4 0.76640625 0.52265625 0.2578125 0.2546875
4 0.74453125 0.7328125 0.2859375 0.196875
4 0.3453125 0.7265625 0.0875 0.11875
4 0.759375 0.5296875 0.225 0.121875
4 0.42578125 0.678125 0.2453125 0.2125
4 0.740625 0.6125 0.328125 0.446875
4 0.765625 0.715625 0.190625 0.128125