1 0.553125 0.540625 0.890625 0.86875
1 0.37890625 0.36796875 0.7578125 0.6890625
2 0.74765625 0.23671875 0.1453125 0.1203125
2 0.734375 0.24375 0.09375 0.08125
2 0.54140625 0.13515625 0.1203125 0.0984375
2 0.52578125 0.13125 0.0703125 0.046875
4 0.34453125 0.38203125 0.1984375 0.2171875
4 0.59765625 0.5109375 0.3296875 0.271875
4 0.846875 0.53671875 0.18125 0.2078125
4 0.353125 0.71328125 0.271875 0.1796875
4 0.18515625 0.503125 0.1828125 0.125
4 0.41484375 0.2984375 0.3609375 0.396875
4 0.5375 0.54140625 0.15 0.1640625
4 0.34765625 0.73125 0.1703125 0.103125
4 0.61171875 0.47109375 0.2015625 0.1890625
4 0.33359375 0.39296875 0.1046875 0.0953125
4 0.5265625 0.5171875 0.10625 0.1125
4 0.39921875 0.346875 0.2390625 0.190625
4 0.5765625 0.43671875 0.659375 0.4453125