0 0.51640625 0.475 0.8421875 0.825
1 0.31796875 0.41796875 0.4421875 0.7078125
1 0.72421875 0.509375 0.4171875 0.75
2 0.32421875 0.54296875 0.2921875 0.2171875
2 0.6 0.0109375 0.125 0.021875
4 0.31171875 0.45546875 0.2421875 0.3734375
4 0.3875 0.21171875 0.184375 0.1671875
4 0.27421875 0.5328125 0.1609375 0.19375
4 0.33359375 0.35703125 0.1890625 0.1703125
4 0.35703125 0.290625 0.2484375 0.325
4 0.30234375 0.4890625 0.0828125 0.096875
4 0.33359375 0.37109375 0.1671875 0.0890625
4 0.3890625 0.22734375 0.146875 0.0921875