0 0.4984375 0.49921875 0.9875 0.9890625
1 0.328125 0.52421875 0.353125 0.6109375
1 0.678125 0.5484375 0.446875 0.60625
2 0.35234375 0.35390625 0.1046875 0.0453125
2 0.48359375 0.03671875 0.5515625 0.0734375
2 0.3265625 0.34453125 0.228125 0.0671875
4 0.31875 0.703125 0.190625 0.140625
4 0.60546875 0.7296875 0.2234375 0.159375
4 0.33828125 0.5375 0.2546875 0.2
4 0.6515625 0.5625 0.2875 0.196875
4 0.61328125 0.7 0.3171875 0.303125
4 0.32109375 0.6625 0.1890625 0.053125
4 0.31171875 0.70390625 0.1265625 0.0828125
4 0.5375 0.48515625 0.05625 0.3171875
4 0.5375 0.553125 0.05 0.175
4 0.5796875 0.72890625 0.115625 0.0859375
4 0.43359375 0.5453125 0.0609375 0.1625
4 0.63359375 0.6 0.2390625 0.103125
4 0.5015625 0.54921875 0.584375 0.2265625