1 0.73984375 0.496875 0.5140625 0.865625
1 0.24140625 0.4953125 0.4828125 0.865625
1 0.4234375 0.496875 0.11875 0.865625
2 0.70234375 0.684375 0.1890625 0.415625
4 0.2796875 0.42421875 0.253125 0.2921875
4 0.6765625 0.4203125 0.24375 0.3
4 0.34453125 0.33203125 0.1265625 0.1078125
4 0.32109375 0.36953125 0.1765625 0.1796875
4 0.2609375 0.690625 0.175 0.41875
4 0.0859375 0.7203125 0.109375 0.33125
4 0.60078125 0.32578125 0.0953125 0.0890625
4 0.15859375 0.62890625 0.1015625 0.1515625
4 0.32109375 0.42109375 0.1734375 0.0765625
4 0.63515625 0.36171875 0.1640625 0.1796875
4 0.634375 0.4125 0.165625 0.075
4 0.484375 0.5890625 0.9 0.6375
4 0.61796875 0.21640625 0.0640625 0.1734375
4 0.48046875 0.42265625 0.6390625 0.3046875
4 0.28125 0.5875 0.253125 0.625