0 0.49921875 0.4984375 0.9953125 0.565625
2 0.89375 0.38671875 0.084375 0.0828125
2 0.69453125 0.25234375 0.0796875 0.0703125
4 0.37109375 0.5921875 0.2953125 0.109375
4 0.36328125 0.57890625 0.1953125 0.0640625
4 0.50078125 0.3984375 0.5484375 0.359375
4 0.07734375 0.6578125 0.1515625 0.071875
4 0.18671875 0.55625 0.2265625 0.0625
4 0.4703125 0.46875 0.346875 0.196875
4 0.21640625 0.55625 0.1390625 0.046875
4 0.73125 0.74453125 0.521875 0.0703125
4 0.384375 0.58046875 0.125 0.0484375
4 0.49921875 0.696875 0.9921875 0.1625