1 0.315625 0.49140625 0.39375 0.9828125
1 0.68515625 0.5046875 0.3859375 0.9875
2 0.684375 0.15625 0.11875 0.05625
2 0.33125 0.15859375 0.11875 0.0515625
2 0.684375 0.15234375 0.20625 0.0890625
4 0.32265625 0.45078125 0.2609375 0.3234375
4 0.67421875 0.36875 0.3109375 0.509375
4 0.67578125 0.7515625 0.3015625 0.234375
4 0.29453125 0.75 0.2984375 0.240625
4 0.2984375 0.72265625 0.196875 0.1484375
4 0.5046875 0.38515625 0.64375 0.4765625
4 0.68515625 0.425 0.2578125 0.21875
4 0.49921875 0.53125 0.7234375 0.85625