1 0.5421875 0.684375 0.73125 0.590625
1 0.3015625 0.68984375 0.35625 0.4921875
2 0.78984375 0.55546875 0.1015625 0.0828125
2 0.23828125 0.60078125 0.0984375 0.0703125
2 0.22109375 0.471875 0.0703125 0.05625
4 0.54296875 0.665625 0.2578125 0.20625
4 0.33046875 0.7921875 0.2359375 0.090625
4 0.5875 0.63125 0.10625 0.0875
4 0.47578125 0.715625 0.0921875 0.075
4 0.5828125 0.634375 0.06875 0.059375
4 0.45 0.69453125 0.475 0.2859375
4 0.23984375 0.71953125 0.2265625 0.1046875
4 0.5421875 0.9359375 0.728125 0.0875
4 0.2875 0.75 0.325 0.178125
4 0.553125 0.65703125 0.18125 0.1390625
4 0.48671875 0.7078125 0.0578125 0.053125