3 0.45234375 0.7875 0.5765625 0.41875
1 0.59921875 0.55078125 0.2796875 0.8953125
1 0.32109375 0.72890625 0.3171875 0.2921875
2 0.453125 0.55 0.578125 0.896875
2 0.42265625 0.89921875 0.1078125 0.0359375
4 0.6109375 0.4890625 0.165625 0.321875
4 0.6 0.815625 0.20625 0.203125
4 0.2703125 0.7546875 0.146875 0.0875
4 0.60625 0.8046875 0.13125 0.140625
4 0.60859375 0.61640625 0.1859375 0.5921875
4 0.61328125 0.54296875 0.1421875 0.1609375
4 0.4015625 0.678125 0.15625 0.11875
4 0.6671875 0.4875 0.040625 0.3375