1 0.2546875 0.60859375 0.453125 0.7140625
1 0.759375 0.5953125 0.41875 0.715625
2 0.5 0.60234375 0.940625 0.7296875
2 0.51328125 0.78515625 0.1296875 0.0609375
2 0.5140625 0.5390625 0.1 0.203125
4 0.7390625 0.4375 0.221875 0.38125
4 0.29609375 0.446875 0.3109375 0.371875
4 0.74375 0.50703125 0.196875 0.1953125
4 0.28046875 0.53046875 0.1828125 0.1296875
4 0.33046875 0.37421875 0.1953125 0.1359375
4 0.73515625 0.528125 0.1609375 0.078125
4 0.25234375 0.5609375 0.3078125 0.2875
4 0.2375 0.696875 0.225 0.1125
4 0.26015625 0.5640625 0.1953125 0.084375
4 0.30859375 0.4765625 0.1890625 0.259375