0 0.49921875 0.50078125 0.9859375 0.9890625
1 0.48671875 0.58046875 0.8546875 0.5359375
2 0.5515625 0.409375 0.134375 0.128125
2 0.421875 0.91171875 0.25 0.1703125
4 0.47421875 0.4578125 0.2921875 0.23125
4 0.7296875 0.82421875 0.359375 0.0421875
4 0.89453125 0.61328125 0.0328125 0.0828125
4 0.48671875 0.75390625 0.8546875 0.1796875
4 0.803125 0.4515625 0.13125 0.06875
4 0.3546875 0.63828125 0.096875 0.1984375
4 0.55546875 0.82578125 0.7109375 0.0484375
4 0.4484375 0.59765625 0.05625 0.2703125
4 0.71484375 0.58671875 0.3890625 0.2046875
4 0.2375 0.5828125 0.115625 0.05