0 0.50390625 0.72734375 0.9359375 0.5421875
3 0.64375 0.35 0.13125 0.125
2 0.925 0.26796875 0.053125 0.0859375
2 0.91875 0.22265625 0.10625 0.1765625
4 0.46484375 0.75625 0.0640625 0.2875
4 0.4609375 0.61171875 0.284375 0.1984375
4 0.353125 0.79375 0.103125 0.225
4 0.21328125 0.7875 0.2359375 0.121875
4 0.75234375 0.721875 0.4109375 0.259375
4 0.5359375 0.5640625 0.13125 0.10625
4 0.50390625 0.92109375 0.9328125 0.1484375
4 0.68203125 0.6609375 0.1515625 0.121875
4 0.21796875 0.759375 0.1296875 0.053125
4 0.1546875 0.9390625 0.228125 0.11875
4 0.1890625 0.7890625 0.18125 0.078125
4 0.3625 0.675 0.090625 0.06875
4 0.40078125 0.7546875 0.1921875 0.3
4 0.3875 0.65859375 0.146875 0.1109375
4 0.45546875 0.7078125 0.3015625 0.390625