3 0.94921875 0.35 0.0953125 0.18125
1 0.40703125 0.48359375 0.7953125 0.4390625
1 0.53671875 0.6984375 0.9234375 0.5875
2 0.2515625 0.56484375 0.178125 0.0640625
2 0.9625 0.34453125 0.071875 0.1234375
4 0.26484375 0.65546875 0.2984375 0.0796875
4 0.278125 0.48359375 0.415625 0.2328125
4 0.7015625 0.390625 0.14375 0.090625
4 0.265625 0.6125 0.3 0.175
4 0.32578125 0.515625 0.1609375 0.053125
4 0.54453125 0.4890625 0.1796875 0.15625
4 0.615625 0.4578125 0.321875 0.221875
4 0.70625 0.40234375 0.125 0.0515625
4 0.24140625 0.53828125 0.3359375 0.1171875
4 0.36328125 0.55 0.5453125 0.2875