0 0.5171875 0.43828125 0.803125 0.8203125
1 0.32734375 0.45390625 0.4171875 0.7828125
1 0.703125 0.40859375 0.425 0.7609375
2 0.703125 0.63046875 0.078125 0.0859375
2 0.728125 0.44765625 0.221875 0.1953125
2 0.36328125 0.67890625 0.0640625 0.0765625
2 0.1890625 0.93671875 0.084375 0.0859375
2 0.3421875 0.4484375 0.171875 0.090625
4 0.3390625 0.2796875 0.265625 0.09375
4 0.68203125 0.23046875 0.2890625 0.0859375
4 0.37421875 0.79453125 0.2390625 0.0671875
4 0.33203125 0.15625 0.2140625 0.134375
4 0.32578125 0.21015625 0.3046875 0.2484375
4 0.34375 0.36171875 0.328125 0.2609375
4 0.72109375 0.27265625 0.3796875 0.1734375
4 0.7046875 0.7421875 0.240625 0.0625
4 0.659375 0.1265625 0.20625 0.134375
4 0.67734375 0.23515625 0.2296875 0.0515625
4 0.678125 0.19453125 0.296875 0.2796875