0 0.4671875 0.67890625 0.93125 0.6296875
1 0.66328125 0.42421875 0.2796875 0.1296875
1 0.45390625 0.54375 0.6984375 0.3625
2 0.77734375 0.61953125 0.1515625 0.1046875
4 0.721875 0.5796875 0.278125 0.2125
4 0.29609375 0.83515625 0.1109375 0.1859375
4 0.55859375 0.959375 0.7078125 0.071875
4 0.70390625 0.94921875 0.4265625 0.0828125
4 0.66796875 0.96640625 0.3453125 0.0453125
4 0.184375 0.75546875 0.284375 0.1859375
4 0.7140625 0.73828125 0.428125 0.2015625
4 0.1484375 0.7546875 0.19375 0.0875
4 0.46484375 0.89609375 0.9234375 0.1984375
4 0.71484375 0.8171875 0.1078125 0.15
4 0.31328125 0.75703125 0.1484375 0.3421875
4 0.26015625 0.64375 0.2421875 0.109375
4 0.4828125 0.74140625 0.890625 0.2484375