1 0.57734375 0.4796875 0.6234375 0.803125
1 0.31953125 0.45 0.6046875 0.753125
1 0.4515625 0.1 0.203125 0.096875
2 0.41953125 0.71953125 0.1296875 0.1140625
4 0.675 0.70625 0.103125 0.253125
4 0.52578125 0.21171875 0.0671875 0.2140625
4 0.2953125 0.66015625 0.1875 0.3234375
4 0.80703125 0.48046875 0.1578125 0.8046875
4 0.59375 0.24765625 0.2 0.2921875
4 0.3515625 0.703125 0.078125 0.2375
4 0.45625 0.4484375 0.30625 0.315625
4 0.52890625 0.45390625 0.1984375 0.2828125
4 0.40703125 0.6609375 0.4078125 0.321875
4 0.4265625 0.671875 0.15625 0.21875
4 0.5 0.56171875 0.44375 0.5421875