0 0.49921875 0.50078125 0.9640625 0.7046875
1 0.43828125 0.35859375 0.7234375 0.4265625
1 0.33359375 0.425 0.5140625 0.29375
2 0.8296875 0.44453125 0.146875 0.0890625
2 0.76953125 0.3671875 0.3703125 0.315625
2 0.678125 0.2671875 0.096875 0.09375
4 0.484375 0.48984375 0.375 0.2453125
4 0.48203125 0.65546875 0.0984375 0.2140625
4 0.434375 0.4640625 0.09375 0.203125
4 0.36171875 0.6796875 0.1484375 0.1875
4 0.76953125 0.553125 0.4046875 0.240625
4 0.73515625 0.4671875 0.1890625 0.115625
4 0.20703125 0.60625 0.1640625 0.084375
4 0.234375 0.44609375 0.1375 0.0609375
4 0.38515625 0.51875 0.0828125 0.109375
4 0.509375 0.496875 0.0375 0.040625
4 0.528125 0.48671875 0.078125 0.0671875
4 0.46328125 0.59609375 0.1421875 0.3328125
4 0.415625 0.5140625 0.159375 0.11875
4 0.72734375 0.41953125 0.2078125 0.2109375
4 0.3484375 0.5484375 0.096875 0.13125
4 0.44609375 0.51953125 0.2765625 0.1578125