0 0.496875 0.49921875 0.990625 0.9953125
2 0.14140625 0.3484375 0.1296875 0.1625
2 0.2046875 0.91953125 0.159375 0.0859375
4 0.6390625 0.78828125 0.090625 0.1640625
4 0.5421875 0.56328125 0.346875 0.3890625
4 0.4609375 0.621875 0.890625 0.471875
4 0.49765625 0.8984375 0.9890625 0.190625
4 0.52578125 0.82578125 0.0484375 0.0796875
4 0.44609375 0.60703125 0.1546875 0.4796875
4 0.7765625 0.77109375 0.23125 0.0890625
4 0.4421875 0.47421875 0.134375 0.2078125
4 0.59140625 0.45546875 0.6078125 0.7453125