0 0.49453125 0.496875 0.9890625 0.99375
2 0.2125 0.3859375 0.125 0.14375
2 0.19921875 0.35 0.0640625 0.071875
4 0.52109375 0.4515625 0.3453125 0.425
4 0.52421875 0.49375 0.1234375 0.140625
4 0.66796875 0.74453125 0.0828125 0.2171875
4 0.44296875 0.39609375 0.0796875 0.1359375
4 0.61796875 0.61796875 0.1640625 0.1671875
4 0.6390625 0.95859375 0.16875 0.0484375
4 0.5546875 0.69375 0.04375 0.31875
4 0.61875 0.69453125 0.175 0.3203125
4 0.41796875 0.3421875 0.1390625 0.25
4 0.575 0.53671875 0.23125 0.2328125
4 0.2421875 0.62890625 0.446875 0.2359375
4 0.403125 0.35625 0.09375 0.14375
4 0.36640625 0.96328125 0.7203125 0.0546875
4 0.4546875 0.340625 0.4875 0.659375
4 0.4734375 0.42265625 0.234375 0.2890625