0 0.49140625 0.4984375 0.9828125 0.996875
2 0.19453125 0.3140625 0.1578125 0.171875
4 0.51875 0.40859375 0.35 0.4515625
4 0.3234375 0.078125 0.0875 0.0875
4 0.79140625 0.690625 0.2484375 0.153125
4 0.7953125 0.65390625 0.184375 0.0734375
4 0.4140625 0.3421875 0.090625 0.121875
4 0.6 0.659375 0.2 0.375
4 0.40546875 0.29453125 0.1234375 0.2203125
4 0.26015625 0.684375 0.0859375 0.296875
4 0.646875 0.74765625 0.109375 0.1984375
4 0.546875 0.66171875 0.090625 0.3671875
4 0.1875 0.4359375 0.3125 0.11875
4 0.490625 0.88125 0.98125 0.215625
4 0.42578125 0.2875 0.2890625 0.50625
4 0.37734375 0.22421875 0.1953125 0.3796875
4 0.48984375 0.43515625 0.4171875 0.8203125
4 0.63125 0.4765625 0.58125 0.5875
4 0.1390625 0.63828125 0.23125 0.3796875