0 0.4984375 0.49921875 0.99375 0.9953125
2 0.2125 0.30859375 0.171875 0.1890625
2 0.4140625 0.77421875 0.209375 0.0515625
4 0.828125 0.66484375 0.1875 0.1015625
4 0.57265625 0.49765625 0.3109375 0.2796875
4 0.4984375 0.884375 0.99375 0.221875
4 0.4984375 0.9421875 0.990625 0.109375
4 0.66640625 0.53671875 0.5421875 0.3765625
4 0.29921875 0.5015625 0.1640625 0.121875
4 0.79453125 0.665625 0.1015625 0.078125
4 0.25234375 0.546875 0.4546875 0.3
4 0.140625 0.6265625 0.234375 0.353125
4 0.2015625 0.446875 0.34375 0.103125