0 0.48515625 0.49765625 0.9703125 0.9953125
2 0.17421875 0.3890625 0.1390625 0.125
2 0.20078125 0.33671875 0.3421875 0.3421875
4 0.57890625 0.67578125 0.1734375 0.3265625
4 0.48203125 0.55859375 0.3671875 0.5546875
4 0.609375 0.753125 0.0625 0.171875
4 0.51953125 0.6734375 0.0515625 0.328125
4 0.47734375 0.4640625 0.1140625 0.190625
4 0.7609375 0.70703125 0.253125 0.1453125
4 0.51484375 0.48671875 0.1921875 0.2453125
4 0.20546875 0.18515625 0.3234375 0.1140625
4 0.4734375 0.871875 0.94375 0.23125
4 0.11171875 0.6796875 0.1921875 0.275
4 0.3515625 0.4859375 0.634375 0.70625
4 0.4984375 0.9609375 0.99375 0.071875
4 0.340625 0.9640625 0.675 0.053125
4 0.42578125 0.421875 0.2234375 0.28125