0 0.4984375 0.496875 0.9875 0.984375
1 0.20234375 0.46484375 0.3828125 0.6890625
2 0.2296875 0.89140625 0.146875 0.0796875
2 0.55078125 0.74765625 0.0265625 0.0484375
2 0.1765625 0.60546875 0.078125 0.1203125
4 0.63828125 0.76875 0.1015625 0.165625
4 0.15 0.63046875 0.271875 0.3546875
4 0.20078125 0.73671875 0.0640625 0.1359375
4 0.684375 0.72265625 0.196875 0.2546875
4 0.815625 0.6453125 0.234375 0.109375
4 0.44453125 0.56171875 0.2296875 0.5296875
4 0.4375 0.45078125 0.18125 0.2515625
4 0.13046875 0.16875 0.1515625 0.053125
4 0.04921875 0.31953125 0.0390625 0.2609375
4 0.44609375 0.478125 0.1171875 0.16875
4 0.2703125 0.48828125 0.13125 0.1171875
4 0.55546875 0.578125 0.4359375 0.540625
4 0.95859375 0.94296875 0.0703125 0.0859375
4 0.7578125 0.7640625 0.340625 0.16875
4 0.4828125 0.634375 0.925 0.421875
4 0.45234375 0.59140625 0.1203125 0.4828125