0 0.49921875 0.49921875 0.9984375 0.9984375
2 0.1703125 0.34375 0.153125 0.1125
2 0.3375 0.32578125 0.075 0.2109375
4 0.6015625 0.55390625 0.209375 0.2296875
4 0.828125 0.73828125 0.240625 0.1421875
4 0.25234375 0.18984375 0.3328125 0.1703125
4 0.4984375 0.84453125 0.99375 0.1171875
4 0.2546875 0.6171875 0.478125 0.246875
4 0.26015625 0.321875 0.4171875 0.215625
4 0.6171875 0.65234375 0.2125 0.4078125
4 0.39296875 0.9671875 0.7765625 0.0625
4 0.6375 0.7671875 0.175 0.18125
4 0.14296875 0.65390625 0.2578125 0.3078125
4 0.36171875 0.565625 0.6921875 0.35625
4 0.5421875 0.52421875 0.328125 0.2953125