0 0.4984375 0.49921875 0.996875 0.9984375
2 0.1640625 0.32265625 0.125 0.1296875
4 0.5515625 0.4625 0.33125 0.275
4 0.234375 0.57109375 0.425 0.2515625
4 0.3671875 0.9609375 0.73125 0.065625
4 0.6109375 0.5078125 0.2125 0.18125
4 0.54453125 0.6453125 0.0640625 0.3625
4 0.65234375 0.71640625 0.1015625 0.2328125
4 0.61328125 0.625 0.2078125 0.409375
4 0.421875 0.38046875 0.0625 0.0828125
4 0.278125 0.0484375 0.121875 0.096875
4 0.80703125 0.70703125 0.2609375 0.0953125
4 0.478125 0.421875 0.175 0.18125
4 0.4984375 0.82578125 0.990625 0.1015625
4 0.45 0.39609375 0.11875 0.1265625
4 0.49765625 0.8796875 0.9921875 0.215625
4 0.1296875 0.6390625 0.21875 0.309375