0 0.5 0.49921875 0.99375 0.9953125
2 0.2046875 0.38359375 0.14375 0.1296875
4 0.5796875 0.490625 0.24375 0.278125
4 0.52578125 0.40234375 0.3578125 0.4671875
4 0.41640625 0.3109375 0.1359375 0.28125
4 0.5203125 0.459375 0.115625 0.184375
4 0.16015625 0.58046875 0.2390625 0.1953125
4 0.565625 0.73203125 0.065625 0.2546875
4 0.5015625 0.90234375 0.9875 0.1859375
4 0.62265625 0.70390625 0.1828125 0.3171875
4 0.67734375 0.75390625 0.0828125 0.2234375
4 0.50234375 0.9640625 0.9859375 0.065625
4 0.25703125 0.6078125 0.4328125 0.25625