0 0.49765625 0.4984375 0.9953125 0.996875
2 0.20234375 0.31015625 0.1640625 0.1765625
4 0.65859375 0.7375 0.1265625 0.225
4 0.496875 0.88515625 0.990625 0.2109375
4 0.81015625 0.69296875 0.2578125 0.1609375
4 0.1296875 0.646875 0.234375 0.3375
4 0.27109375 0.69296875 0.0890625 0.2515625
4 0.49609375 0.84453125 0.9890625 0.1015625
4 0.21796875 0.0625 0.3203125 0.121875
4 0.184375 0.44375 0.328125 0.109375
4 0.8125 0.66015625 0.196875 0.0609375
4 0.234375 0.60546875 0.440625 0.4234375
4 0.553125 0.6625 0.09375 0.365625
4 0.525 0.43203125 0.359375 0.4921875
4 0.37578125 0.971875 0.7453125 0.05