0 0.5 0.4984375 0.99375 0.996875
2 0.203125 0.41796875 0.171875 0.1640625
4 0.58046875 0.49609375 0.2390625 0.2765625
4 0.53125 0.4125 0.3375 0.45
4 0.65625 0.75859375 0.10625 0.2078125
4 0.8296875 0.67109375 0.18125 0.0921875
4 0.7546875 0.6671875 0.028125 0.075
4 0.8265625 0.67421875 0.225 0.1515625
4 0.7640625 0.73984375 0.328125 0.2421875
4 0.5109375 0.4625 0.1 0.2
4 0.2421875 0.61171875 0.440625 0.3046875
4 0.696875 0.6046875 0.484375 0.5
4 0.4171875 0.3125 0.10625 0.24375
4 0.62265625 0.5609375 0.1515625 0.15
4 0.50234375 0.846875 0.9859375 0.128125
4 0.3859375 0.96171875 0.7375 0.0734375