0 0.4984375 0.4984375 0.996875 0.996875
2 0.19140625 0.3609375 0.1609375 0.178125
4 0.6015625 0.66875 0.2125 0.3375
4 0.309375 0.06328125 0.1 0.0765625
4 0.62109375 0.53515625 0.0765625 0.0734375
4 0.3765625 0.95625 0.75 0.075
4 0.4984375 0.8765625 0.99375 0.23125
4 0.646875 0.72890625 0.11875 0.2171875
4 0.13671875 0.66640625 0.2078125 0.3140625
4 0.49765625 0.7453125 0.9890625 0.49375
4 0.8046875 0.72265625 0.271875 0.1046875
4 0.71875 0.66953125 0.44375 0.3390625
4 0.35859375 0.18203125 0.2171875 0.3609375
4 0.5421875 0.6703125 0.090625 0.33125
4 0.4984375 0.8234375 0.99375 0.1125