0 0.49765625 0.49921875 0.9921875 0.9953125
2 0.14296875 0.35546875 0.1390625 0.1796875
2 0.20859375 0.915625 0.1484375 0.078125
4 0.3875 0.3453125 0.115625 0.2
4 0.15234375 0.6578125 0.2734375 0.3625
4 0.64140625 0.7765625 0.0890625 0.178125
4 0.303125 0.4796875 0.578125 0.71875
4 0.22265625 0.0859375 0.1546875 0.165625
4 0.3625 0.284375 0.16875 0.325
4 0.515625 0.503125 0.075 0.11875
4 0.76484375 0.76484375 0.3359375 0.1984375
4 0.49921875 0.8828125 0.9859375 0.21875
4 0.3703125 0.97109375 0.721875 0.0515625