0 0.49609375 0.49765625 0.9921875 0.9953125
2 0.17578125 0.34453125 0.1578125 0.1859375
4 0.6265625 0.71640625 0.1375 0.2578125
4 0.50546875 0.45 0.3359375 0.334375
4 0.78359375 0.6640625 0.2703125 0.19375
4 0.4953125 0.83359375 0.9875 0.1296875
4 0.228125 0.5828125 0.428125 0.234375
4 0.246875 0.69296875 0.078125 0.2578125
4 0.7875 0.63046875 0.196875 0.0828125
4 0.51875 0.6546875 0.09375 0.371875
4 0.12734375 0.65546875 0.2328125 0.3203125
4 0.49921875 0.95546875 0.9953125 0.0828125
4 0.19609375 0.20703125 0.3203125 0.2203125
4 0.36796875 0.96640625 0.7265625 0.0546875
4 0.16875 0.459375 0.303125 0.1