0 0.4984375 0.49296875 0.996875 0.9859375
2 0.0828125 0.31640625 0.071875 0.1296875
2 0.284375 0.0515625 0.11875 0.09375
4 0.51484375 0.6890625 0.2203125 0.228125
4 0.4703125 0.4375 0.234375 0.259375
4 0.490625 0.58671875 0.128125 0.1078125
4 0.47734375 0.40625 0.5234375 0.409375
4 0.25390625 0.91328125 0.5046875 0.0859375
4 0.5578125 0.5421875 0.05 0.05
4 0.50859375 0.47734375 0.1640625 0.1796875
4 0.44921875 0.37578125 0.1203125 0.0828125
4 0.43359375 0.384375 0.1765625 0.1625
4 0.49765625 0.909375 0.9953125 0.103125
4 0.72421875 0.70078125 0.4421875 0.0671875
4 0.4984375 0.8390625 0.996875 0.240625
4 0.63984375 0.53515625 0.2015625 0.1453125
4 0.4828125 0.5390625 0.3 0.525