0 0.49921875 0.49765625 0.9984375 0.9953125
2 0.296875 0.29453125 0.15625 0.1546875
4 0.54921875 0.51171875 0.3421875 0.2921875
4 0.63828125 0.76796875 0.0890625 0.1609375
4 0.253125 0.15234375 0.290625 0.1296875
4 0.82109375 0.7390625 0.2671875 0.0875
4 0.5109375 0.8765625 0.96875 0.21875
4 0.815625 0.69921875 0.271875 0.1703125
4 0.8296875 0.66015625 0.20625 0.0984375
4 0.78828125 0.66171875 0.1109375 0.0765625
4 0.53671875 0.46015625 0.1484375 0.1734375
4 0.309375 0.68984375 0.075 0.2328125
4 0.38984375 0.96015625 0.7109375 0.0640625
4 0.66484375 0.57421875 0.5765625 0.4203125
4 0.77265625 0.7640625 0.3640625 0.1625