0 0.49921875 0.4984375 0.9984375 0.996875
2 0.19375 0.3109375 0.10625 0.1375
4 0.6484375 0.721875 0.13125 0.2625
4 0.1828125 0.17578125 0.26875 0.2328125
4 0.53359375 0.65390625 0.0765625 0.3703125
4 0.55546875 0.45078125 0.3140625 0.3171875
4 0.12734375 0.6390625 0.2328125 0.31875
4 0.6046875 0.64765625 0.21875 0.4046875
4 0.63125 0.52109375 0.165625 0.1765625
4 0.4703125 0.40625 0.14375 0.21875
4 0.4265625 0.3640625 0.05 0.10625
4 0.23046875 0.61796875 0.4359375 0.3546875
4 0.27890625 0.35703125 0.1921875 0.2296875
4 0.24453125 0.66875 0.0796875 0.25625
4 0.49921875 0.95703125 0.9921875 0.0734375
4 0.36484375 0.5375 0.6984375 0.575