0 0.49921875 0.49921875 0.9984375 0.9984375
2 0.19921875 0.30625 0.1609375 0.165625
4 0.6359375 0.73828125 0.140625 0.2328125
4 0.590625 0.63984375 0.215625 0.4171875
4 0.128125 0.61953125 0.228125 0.3890625
4 0.54375 0.46328125 0.278125 0.2859375
4 0.79609375 0.696875 0.2984375 0.203125
4 0.61484375 0.51875 0.1484375 0.175
4 0.371875 0.96796875 0.7375 0.0609375
4 0.48828125 0.4203125 0.1421875 0.1875
4 0.53203125 0.578125 0.3515625 0.540625
4 0.4796875 0.61328125 0.934375 0.4828125
4 0.53515625 0.65078125 0.1109375 0.3953125
4 0.21484375 0.11640625 0.3046875 0.1609375
4 0.71640625 0.64375 0.4578125 0.421875