0 0.4984375 0.49609375 0.996875 0.9921875
2 0.17734375 0.28203125 0.1578125 0.1734375
4 0.54140625 0.45859375 0.2921875 0.3015625
4 0.52578125 0.6578125 0.0578125 0.35
4 0.828125 0.65078125 0.215625 0.1078125
4 0.23671875 0.5796875 0.4359375 0.2625
4 0.49921875 0.8359375 0.9921875 0.115625
4 0.6671875 0.54140625 0.553125 0.4671875
4 0.7828125 0.6515625 0.115625 0.096875
4 0.64765625 0.70234375 0.1015625 0.2640625
4 0.503125 0.321875 0.36875 0.578125
4 0.36171875 0.95859375 0.7171875 0.0578125
4 0.12890625 0.62890625 0.2203125 0.3421875