0 0.4984375 0.4984375 0.99375 0.99375
2 0.18359375 0.28671875 0.1171875 0.1671875
4 0.50625 0.38046875 0.359375 0.4359375
4 0.253125 0.3640625 0.146875 0.1875
4 0.64765625 0.68828125 0.1015625 0.3171875
4 0.14140625 0.62578125 0.2515625 0.3484375
4 0.80234375 0.7046875 0.2890625 0.171875
4 0.16875 0.15 0.246875 0.23125
4 0.3671875 0.1140625 0.065625 0.178125
4 0.43203125 0.33984375 0.2109375 0.3515625
4 0.61171875 0.528125 0.1515625 0.14375
4 0.5296875 0.6578125 0.05625 0.378125
4 0.59765625 0.65546875 0.1984375 0.3828125
4 0.38203125 0.19921875 0.1046875 0.3515625
4 0.378125 0.25546875 0.1 0.1828125
4 0.23203125 0.5765625 0.4328125 0.259375
4 0.496875 0.96171875 0.9875 0.0671875
4 0.36953125 0.3140625 0.6390625 0.575