0 0.49921875 0.49921875 0.9984375 0.9984375
3 0.63515625 0.73359375 0.6546875 0.5296875
3 0.2140625 0.85703125 0.309375 0.2828125
1 0.475 0.3828125 0.928125 0.509375
1 0.21796875 0.6953125 0.4328125 0.28125
1 0.94453125 0.8015625 0.1078125 0.35
2 0.6140625 0.553125 0.153125 0.084375
4 0.51875 0.409375 0.459375 0.23125
4 0.25390625 0.28125 0.2859375 0.128125
4 0.7703125 0.38046875 0.228125 0.1234375
4 0.22734375 0.65 0.3515625 0.0875
4 0.27109375 0.271875 0.1953125 0.08125
4 0.51875 0.42421875 0.290625 0.1359375
4 0.48125 0.40703125 0.1875 0.1109375