3 0.4984375 0.41328125 0.99375 0.8265625
3 0.1875 0.43125 0.375 0.5125
1 0.48046875 0.6734375 0.8859375 0.65
1 0.3640625 0.1984375 0.559375 0.396875
2 0.31640625 0.31328125 0.2046875 0.1484375
2 0.3015625 0.2578125 0.259375 0.259375
4 0.1890625 0.8453125 0.28125 0.303125
4 0.43359375 0.68984375 0.4921875 0.4234375
4 0.49296875 0.4046875 0.0921875 0.090625
4 0.51328125 0.190625 0.2578125 0.3625
4 0.34140625 0.809375 0.2578125 0.196875
4 0.590625 0.60703125 0.20625 0.2703125
4 0.62109375 0.87265625 0.3140625 0.2421875