0 0.49921875 0.49921875 0.9984375 0.9984375
3 0.2546875 0.409375 0.509375 0.81875
3 0.7875 0.11015625 0.421875 0.2203125
2 0.6390625 0.06328125 0.175 0.1265625
4 0.2578125 0.6859375 0.321875 0.259375
4 0.8328125 0.3875 0.259375 0.284375
4 0.60234375 0.87578125 0.1359375 0.1046875
4 0.57890625 0.8953125 0.0796875 0.059375
4 0.440625 0.51640625 0.74375 0.6421875
4 0.27109375 0.6796875 0.2015625 0.134375
4 0.54140625 0.39296875 0.3296875 0.3171875
4 0.2390625 0.70625 0.16875 0.1375
4 0.5859375 0.89140625 0.05625 0.0359375