0 0.49765625 0.49921875 0.9953125 0.9953125
3 0.7875 0.1359375 0.41875 0.271875
1 0.23203125 0.0578125 0.4640625 0.115625
2 0.6171875 0.08515625 0.16875 0.1609375
4 0.50703125 0.42421875 0.5484375 0.4234375
4 0.1953125 0.67578125 0.31875 0.2359375
4 0.39609375 0.5109375 0.7765625 0.609375
4 0.80859375 0.45546875 0.2828125 0.2484375
4 0.63359375 0.196875 0.2515625 0.125
4 0.309375 0.98515625 0.146875 0.0234375
4 0.2375 0.65859375 0.184375 0.1703125
4 0.9125 0.34375 0.16875 0.2375
4 0.50625 0.38125 0.28125 0.25625
4 0.48984375 0.7203125 0.2234375 0.171875