0 0.4984375 0.7171875 0.996875 0.5625
3 0.60859375 0.3125 0.7796875 0.625
3 0.15078125 0.10546875 0.2796875 0.2109375
1 0.16875 0.33828125 0.3375 0.3078125
2 0.59375 0.528125 0.190625 0.109375
4 0.45234375 0.71640625 0.6453125 0.2953125
4 0.13828125 0.33359375 0.2765625 0.0953125
4 0.7859375 0.74375 0.309375 0.15
4 0.40546875 0.71640625 0.4046875 0.2203125
4 0.91796875 0.66796875 0.1609375 0.1109375
4 0.44140625 0.6953125 0.2484375 0.159375
4 0.23046875 0.7875 0.2046875 0.153125
4 0.59609375 0.6015625 0.3328125 0.140625
4 0.3125 0.7390625 0.184375 0.140625
4 0.7484375 0.7546875 0.49375 0.275