0 0.49921875 0.5234375 0.9953125 0.928125
3 0.80546875 0.1359375 0.3828125 0.271875
2 0.803125 0.59921875 0.384375 0.2015625
2 0.72734375 0.303125 0.0796875 0.084375
4 0.46484375 0.5265625 0.3203125 0.26875
4 0.18984375 0.7125 0.3390625 0.153125
4 0.53515625 0.3625 0.4671875 0.60625
4 0.28984375 0.69453125 0.0546875 0.0734375
4 0.203125 0.71015625 0.23125 0.0953125
4 0.39296875 0.521875 0.7359375 0.528125
4 0.88359375 0.58828125 0.0453125 0.0734375
4 0.409375 0.74765625 0.19375 0.1953125
4 0.4515625 0.5359375 0.184375 0.146875
4 0.38671875 0.59375 0.1546875 0.128125
4 0.471875 0.50546875 0.140625 0.0890625
4 0.815625 0.49375 0.146875 0.109375