3 0.49921875 0.50546875 0.9984375 0.6578125
1 0.48984375 0.23359375 0.9796875 0.1234375
1 0.61875 0.465625 0.75625 0.390625
1 0.77734375 0.70390625 0.4421875 0.2640625
2 0.9421875 0.8 0.109375 0.05625
4 0.915625 0.46171875 0.15625 0.1765625
4 0.4328125 0.39296875 0.35625 0.2453125
4 0.4796875 0.5515625 0.146875 0.09375
4 0.19296875 0.40078125 0.3796875 0.0828125
4 0.6625 0.44375 0.203125 0.31875
4 0.31171875 0.52265625 0.1359375 0.0609375
4 0.221875 0.4609375 0.06875 0.046875
4 0.6328125 0.58515625 0.45625 0.1640625
4 0.13828125 0.46328125 0.0359375 0.0328125
4 0.5015625 0.3640625 0.21875 0.18125