0 0.49609375 0.4984375 0.9890625 0.921875
2 0.5609375 0.31484375 0.39375 0.1453125
2 0.59140625 0.3265625 0.1046875 0.078125
2 0.453125 0.26015625 0.740625 0.3796875
4 0.5046875 0.521875 0.74375 0.33125
4 0.3828125 0.5859375 0.49375 0.196875
4 0.6 0.603125 0.05625 0.2375
4 0.7 0.61015625 0.0625 0.1671875
4 0.55859375 0.825 0.8390625 0.2625
4 0.49921875 0.4375 0.3359375 0.05625
4 0.77109375 0.5359375 0.2140625 0.3125
4 0.39765625 0.11015625 0.5859375 0.0796875
4 0.10859375 0.78203125 0.2140625 0.1328125