0 0.4984375 0.4984375 0.990625 0.990625
2 0.2 0.3296875 0.175 0.171875
4 0.54140625 0.425 0.3515625 0.434375
4 0.5828125 0.49765625 0.265625 0.2828125
4 0.24609375 0.54765625 0.4421875 0.3234375
4 0.4984375 0.88671875 0.990625 0.2015625
4 0.49921875 0.853125 0.9890625 0.09375
4 0.5234375 0.459375 0.14375 0.2
4 0.26953125 0.69921875 0.0796875 0.2609375
4 0.675 0.59609375 0.08125 0.0890625
4 0.8359375 0.659375 0.2125 0.08125
4 0.38828125 0.96328125 0.7640625 0.0609375
4 0.6546875 0.57578125 0.125 0.1296875
4 0.19296875 0.45703125 0.3328125 0.1265625
4 0.65625 0.47109375 0.584375 0.5328125
4 0.484375 0.55703125 0.921875 0.3546875