0 0.4984375 0.49609375 0.9875 0.9859375
2 0.225 0.346875 0.1625 0.159375
4 0.76171875 0.61484375 0.4203125 0.4015625
4 0.38203125 0.95234375 0.7515625 0.0796875
4 0.640625 0.6140625 0.171875 0.39375
4 0.284375 0.603125 0.03125 0.096875
4 0.76796875 0.73671875 0.4015625 0.1484375
4 0.28125 0.05078125 0.0875 0.0953125
4 0.68125 0.70546875 0.075 0.2078125
4 0.28359375 0.6015625 0.0609375 0.115625
4 0.1671875 0.53984375 0.259375 0.2359375
4 0.6359375 0.6015625 0.109375 0.15625
4 0.6421875 0.66171875 0.125 0.2734375
4 0.6671875 0.95390625 0.175 0.0671875
4 0.49921875 0.8109375 0.9796875 0.1125
4 0.50234375 0.61015625 0.9390625 0.4109375