0 0.4984375 0.4984375 0.990625 0.990625
2 0.21640625 0.284375 0.1671875 0.18125
4 0.56953125 0.471875 0.2890625 0.271875
4 0.65078125 0.5296875 0.1234375 0.15625
4 0.61953125 0.64140625 0.2046875 0.3953125
4 0.309375 0.321875 0.20625 0.228125
4 0.53984375 0.38515625 0.3515625 0.4453125
4 0.50625 0.4375 0.140625 0.2
4 0.1984375 0.421875 0.34375 0.109375
4 0.49921875 0.83359375 0.9859375 0.1203125
4 0.6703125 0.5578125 0.084375 0.1
4 0.3890625 0.9609375 0.771875 0.06875
4 0.53515625 0.42734375 0.3890625 0.8171875