0 0.4984375 0.4984375 0.990625 0.990625
2 0.19453125 0.41015625 0.1640625 0.1640625
4 0.8265625 0.69609375 0.2375 0.1796875
4 0.67578125 0.75 0.0703125 0.2
4 0.62265625 0.65703125 0.1953125 0.3859375
4 0.5375 0.5625 0.375 0.571875
4 0.84375 0.6546875 0.19375 0.0875
4 0.55546875 0.65625 0.0515625 0.390625
4 0.13203125 0.66328125 0.2515625 0.3015625
4 0.53359375 0.4765625 0.3328125 0.278125
4 0.5 0.8515625 0.9875 0.115625
4 0.38984375 0.96484375 0.7609375 0.0578125
4 0.615625 0.53828125 0.175 0.1578125
4 0.64375 0.52109375 0.590625 0.3734375