0 0.4984375 0.4984375 0.99375 0.990625
2 0.16328125 0.31640625 0.1765625 0.1515625
4 0.6203125 0.6484375 0.225 0.4125
4 0.66640625 0.7109375 0.1328125 0.290625
4 0.55234375 0.64296875 0.0921875 0.4046875
4 0.22890625 0.72265625 0.1171875 0.2234375
4 0.2671875 0.36875 0.196875 0.2
4 0.24375 0.5890625 0.475 0.275
4 0.3875 0.9671875 0.7625 0.053125
4 0.4578125 0.63515625 0.890625 0.4484375
4 0.22265625 0.534375 0.4109375 0.590625
4 0.1484375 0.64453125 0.28125 0.3765625
4 0.53125 0.59140625 0.40625 0.5234375