0 0.4984375 0.4984375 0.990625 0.9875
4 0.21796875 0.39296875 0.1515625 0.1390625
4 0.55703125 0.51875 0.2578125 0.275
4 0.1734375 0.66328125 0.309375 0.3390625
4 0.50546875 0.4859375 0.1484375 0.20625
4 0.77578125 0.6875 0.0984375 0.078125
4 0.54375 0.54453125 0.059375 0.0921875
4 0.2796875 0.71796875 0.0875 0.2359375
4 0.52578125 0.525 0.1046875 0.128125
4 0.48203125 0.44453125 0.0953125 0.1265625
4 0.27421875 0.55234375 0.1953125 0.1234375
4 0.290625 0.7734375 0.05625 0.121875
4 0.546875 0.6125 0.346875 0.49375
4 0.59921875 0.57890625 0.1671875 0.1484375