0 0.49765625 0.496875 0.9890625 0.984375
2 0.171875 0.43515625 0.146875 0.1734375
4 0.6453125 0.7453125 0.109375 0.209375
4 0.22734375 0.6375 0.4328125 0.25
4 0.51875 0.7296875 0.065625 0.240625
4 0.22890625 0.453125 0.4328125 0.621875
4 0.3625 0.25859375 0.084375 0.1265625
4 0.1953125 0.1921875 0.296875 0.15
4 0.2453125 0.3484375 0.309375 0.38125
4 0.5125 0.6421875 0.378125 0.40625
4 0.4984375 0.88671875 0.9875 0.1828125
4 0.59296875 0.7359375 0.2171875 0.23125
4 0.62578125 0.9609375 0.1734375 0.053125
4 0.7578125 0.7296875 0.3375 0.240625
4 0.47265625 0.6546875 0.9140625 0.375
4 0.4359375 0.53203125 0.196875 0.1578125
4 0.6359375 0.765625 0.075 0.15
4 0.36796875 0.96328125 0.7109375 0.0578125