0 0.4984375 0.49765625 0.9875 0.9859375
3 0.5953125 0.53515625 0.73125 0.6078125
2 0.20234375 0.39765625 0.1484375 0.1671875
4 0.68046875 0.68359375 0.1015625 0.3015625
4 0.13359375 0.59296875 0.2234375 0.1953125
4 0.58125 0.575 0.30625 0.5125
4 0.6390625 0.64375 0.184375 0.38125
4 0.525 0.41484375 0.078125 0.1671875
4 0.3984375 0.95703125 0.75625 0.0671875
4 0.58671875 0.68046875 0.0359375 0.2171875
4 0.58046875 0.64375 0.0578125 0.375
4 0.678125 0.69921875 0.05625 0.1515625
4 0.66328125 0.5203125 0.0953125 0.134375
4 0.59765625 0.45859375 0.2296875 0.2578125
4 0.25859375 0.61015625 0.4765625 0.2796875
4 0.47265625 0.40859375 0.4765625 0.3546875