0 0.4984375 0.496875 0.990625 0.9875
2 0.22734375 0.31015625 0.1640625 0.1734375
4 0.490625 0.5796875 0.49375 0.515625
4 0.67421875 0.73046875 0.1234375 0.2234375
4 0.63359375 0.70234375 0.2078125 0.2765625
4 0.2578125 0.53671875 0.446875 0.3265625
4 0.2484375 0.25625 0.378125 0.365625
4 0.85078125 0.734375 0.2609375 0.1875
4 0.346875 0.0546875 0.08125 0.096875
4 0.38203125 0.9609375 0.7578125 0.0625
4 0.48203125 0.46953125 0.2859375 0.2609375
4 0.3671875 0.58515625 0.228125 0.2265625
4 0.49765625 0.87890625 0.9890625 0.2109375
4 0.5703125 0.6921875 0.078125 0.296875
4 0.5 0.60078125 0.95 0.4921875
4 0.49765625 0.84921875 0.9828125 0.1015625