0 0.4984375 0.49765625 0.990625 0.9859375
2 0.19375 0.390625 0.16875 0.18125
4 0.146875 0.56875 0.265625 0.246875
4 0.37578125 0.96640625 0.7453125 0.0515625
4 0.409375 0.2859375 0.096875 0.184375
4 0.26171875 0.64453125 0.0421875 0.0953125
4 0.61875 0.63984375 0.18125 0.3921875
4 0.51328125 0.46484375 0.0921875 0.1859375
4 0.5578125 0.640625 0.05625 0.390625
4 0.6625 0.6609375 0.0875 0.35625
4 0.46328125 0.38046875 0.2015625 0.3734375
4 0.5375 0.5140625 0.346875 0.640625
4 0.49921875 0.821875 0.9890625 0.14375
4 0.39375 0.8546875 0.771875 0.075