3 0.48671875 0.96875 0.5984375 0.05625
1 0.5625 0.6359375 0.765625 0.5
1 0.34921875 0.5890625 0.5453125 0.415625
1 0.04609375 0.6359375 0.0921875 0.0875
1 0.95546875 0.60546875 0.0859375 0.2921875
1 0.30078125 0.96953125 0.2265625 0.0578125
1 0.68203125 0.9703125 0.2046875 0.05625
2 0.5625 0.059375 0.7125 0.11875
2 0.57109375 0.05625 0.2796875 0.1125
2 0.5 0.39609375 0.303125 0.3046875
2 0.3125 0.0296875 0.071875 0.03125
2 0.88359375 0.528125 0.0578125 0.065625
2 0.478125 0.47421875 0.784375 0.6296875
4 0.37421875 0.70546875 0.2390625 0.0984375
4 0.37421875 0.70390625 0.1890625 0.0609375
4 0.51015625 0.62578125 0.4828125 0.2484375
4 0.41484375 0.565625 0.2296875 0.121875
4 0.4515625 0.553125 0.153125 0.0875
4 0.2234375 0.66640625 0.178125 0.0546875
4 0.415625 0.546875 0.071875 0.053125
4 0.60234375 0.5828125 0.2828125 0.153125
4 0.3421875 0.5984375 0.103125 0.059375
4 0.62421875 0.56640625 0.1640625 0.1046875
4 0.39921875 0.703125 0.1109375 0.05
4 0.23046875 0.6703125 0.1234375 0.0375
4 0.88046875 0.55078125 0.0703125 0.1234375
4 0.7625 0.84453125 0.35 0.0765625
4 0.509375 0.6296875 0.165625 0.096875
4 0.45703125 0.53203125 0.3234375 0.2015625