0 0.4984375 0.49921875 0.9875 0.9890625
1 0.646875 0.5375 0.390625 0.771875
1 0.40078125 0.46015625 0.3609375 0.7765625
2 0.403125 0.9015625 0.115625 0.121875
2 0.4828125 0.234375 0.0875 0.084375
2 0.73515625 0.30390625 0.0609375 0.0578125
4 0.39765625 0.48828125 0.1890625 0.2953125
4 0.62421875 0.5890625 0.1890625 0.234375
4 0.64765625 0.4859375 0.2359375 0.446875
4 0.35078125 0.684375 0.1890625 0.2125
4 0.58515625 0.7765625 0.1765625 0.184375
4 0.39453125 0.49765625 0.1265625 0.1484375
4 0.60703125 0.67265625 0.2234375 0.3984375