0 0.49765625 0.49765625 0.9890625 0.9890625
1 0.35546875 0.2921875 0.6609375 0.5625
1 0.7578125 0.528125 0.475 0.928125
2 0.284375 0.43671875 0.1375 0.0640625
4 0.4984375 0.30078125 0.15 0.2015625
4 0.27578125 0.35 0.2765625 0.265625
4 0.2859375 0.16796875 0.521875 0.2953125
4 0.61171875 0.159375 0.1015625 0.0875
4 0.51953125 0.1578125 0.1015625 0.09375
4 0.35859375 0.3171875 0.4359375 0.40625
4 0.3203125 0.4953125 0.29375 0.05
4 0.465625 0.3375 0.08125 0.11875
4 0.31484375 0.44765625 0.3046875 0.1484375
4 0.540625 0.25625 0.24375 0.290625
4 0.53203125 0.246875 0.0765625 0.090625
4 0.52109375 0.20390625 0.1078125 0.1828125
4 0.48515625 0.30546875 0.1828125 0.3765625