1 0.64921875 0.47265625 0.4171875 0.9421875
1 0.33359375 0.5390625 0.6671875 0.91875
2 0.103125 0.76015625 0.15 0.1484375
2 0.28046875 0.2734375 0.1796875 0.0875
2 0.07109375 0.74453125 0.0703125 0.0578125
4 0.70859375 0.50703125 0.1734375 0.2265625
4 0.7015625 0.78671875 0.228125 0.2078125
4 0.70078125 0.27578125 0.1140625 0.0828125
4 0.46640625 0.4765625 0.1390625 0.309375
4 0.684375 0.20546875 0.15 0.2328125
4 0.7015625 0.36171875 0.1875 0.5421875
4 0.46171875 0.38359375 0.0984375 0.1203125
4 0.70546875 0.5625 0.2203125 0.6625
4 0.56953125 0.821875 0.1109375 0.13125