0 0.5109375 0.5046875 0.834375 0.96875
1 0.27890625 0.44921875 0.2515625 0.4921875
1 0.4171875 0.32734375 0.146875 0.4546875
2 0.78671875 0.37109375 0.1453125 0.1265625
2 0.24609375 0.403125 0.1078125 0.096875
2 0.04375 0.22890625 0.0875 0.1515625
4 0.24140625 0.6953125 0.1640625 0.090625
4 0.25078125 0.7 0.1171875 0.0625
4 0.64921875 0.3828125 0.0796875 0.515625
4 0.7328125 0.7 0.065625 0.2625
4 0.3046875 0.6875 0.025 0.078125
4 0.365625 0.753125 0.1125 0.246875
4 0.51171875 0.89921875 0.8296875 0.1765625
4 0.53515625 0.94609375 0.7734375 0.0921875
4 0.7796875 0.4984375 0.2625 0.146875
4 0.528125 0.60390625 0.765625 0.3546875
4 0.71640625 0.94140625 0.4046875 0.0796875