0 0.496875 0.4984375 0.990625 0.99375
1 0.45078125 0.8125 0.8953125 0.371875
2 0.346875 0.28046875 0.69375 0.5390625
2 0.5390625 0.29765625 0.065625 0.1203125
4 0.51640625 0.35078125 0.1265625 0.2328125
4 0.13046875 0.4828125 0.1359375 0.13125
4 0.26171875 0.44921875 0.4015625 0.1984375
4 0.4640625 0.25078125 0.321875 0.2109375
4 0.3578125 0.42734375 0.1375 0.0578125
4 0.31328125 0.4328125 0.2765625 0.103125
4 0.3703125 0.40390625 0.18125 0.1109375
4 0.234375 0.45625 0.090625 0.053125
4 0.12578125 0.49375 0.0921875 0.078125
4 0.31953125 0.39296875 0.5171875 0.3109375