0 0.49609375 0.49921875 0.9890625 0.9984375
1 0.2796875 0.38359375 0.559375 0.7671875
1 0.66875 0.69140625 0.6375 0.6140625
2 0.13203125 0.51796875 0.1359375 0.0796875
2 0.7546875 0.9640625 0.20625 0.06875
4 0.83046875 0.7125 0.1890625 0.334375
4 0.30234375 0.321875 0.2859375 0.23125
4 0.3734375 0.14453125 0.2375 0.2046875
4 0.228125 0.38203125 0.440625 0.3546875
4 0.83125 0.63828125 0.125 0.1796875
4 0.33515625 0.27265625 0.2078125 0.1171875
4 0.059375 0.62578125 0.11875 0.0765625
4 0.60390625 0.796875 0.2203125 0.34375
4 0.1125 0.63828125 0.225 0.1171875
4 0.8203125 0.665625 0.1 0.103125
4 0.8515625 0.596875 0.08125 0.1
4 0.3921875 0.15078125 0.159375 0.1453125
4 0.321875 0.346875 0.159375 0.121875
4 0.70546875 0.76015625 0.4203125 0.4328125