0 0.49921875 0.49921875 0.9921875 0.9984375
1 0.340625 0.51875 0.384375 0.959375
1 0.73515625 0.5078125 0.4109375 0.959375
2 0.37265625 0.08671875 0.0984375 0.0671875
2 0.68828125 0.06796875 0.0953125 0.0671875
2 0.1515625 0.45390625 0.13125 0.0671875
2 0.36875 0.0203125 0.19375 0.040625
2 0.128125 0.03828125 0.15 0.0765625
4 0.69375 0.41328125 0.24375 0.2953125
4 0.3828125 0.43828125 0.2375 0.2921875
4 0.35859375 0.69765625 0.2546875 0.1703125
4 0.72890625 0.66875 0.2859375 0.178125
4 0.35078125 0.690625 0.1859375 0.109375
4 0.36484375 0.5390625 0.2921875 0.5125
4 0.68984375 0.38671875 0.1734375 0.1515625
4 0.71953125 0.50703125 0.3046875 0.5140625
4 0.53828125 0.4265625 0.5578125 0.290625