3 0.73359375 0.24296875 0.3953125 0.4859375
3 0.2859375 0.378125 0.546875 0.75625
3 0.68046875 0.5578125 0.3671875 0.390625
1 0.6640625 0.66328125 0.521875 0.6046875
1 0.28671875 0.575 0.5484375 0.365625
2 0.65546875 0.396875 0.0765625 0.05
2 0.47421875 0.484375 0.9234375 0.965625
2 0.45390625 0.52890625 0.2046875 0.2515625
2 0.8109375 0.64921875 0.1 0.1203125
2 0.86484375 0.02578125 0.0515625 0.0515625
4 0.5421875 0.7859375 0.2 0.115625
4 0.63046875 0.6140625 0.2609375 0.25
4 0.15546875 0.6359375 0.1828125 0.06875
4 0.5375 0.77890625 0.11875 0.0734375
4 0.62734375 0.625 0.1765625 0.16875
4 0.6375 0.60390625 0.146875 0.0890625
4 0.51640625 0.78125 0.0609375 0.075
4 0.60390625 0.6625 0.1859375 0.1125