0 0.4890625 0.48203125 0.71875 0.7796875
1 0.39296875 0.6546875 0.5203125 0.428125
1 0.6734375 0.37109375 0.34375 0.5546875
2 0.525 0.51875 0.08125 0.096875
2 0.23046875 0.6015625 0.0828125 0.05625
2 0.66640625 0.2453125 0.0640625 0.05625
4 0.70546875 0.39453125 0.1453125 0.1921875
4 0.42734375 0.6421875 0.1671875 0.1625
4 0.4015625 0.590625 0.21875 0.26875
4 0.5515625 0.71796875 0.140625 0.1265625
4 0.25859375 0.5875 0.1515625 0.13125
4 0.6578125 0.359375 0.240625 0.271875
4 0.75625 0.50390625 0.1375 0.1734375
4 0.25234375 0.6765625 0.2265625 0.146875
4 0.4109375 0.621875 0.115625 0.109375
4 0.7703125 0.52109375 0.084375 0.0953125
4 0.58828125 0.33515625 0.0953125 0.1296875
4 0.4828125 0.67109375 0.28125 0.2203125
4 0.45234375 0.659375 0.1140625 0.11875
4 0.57265625 0.26875 0.1296875 0.2625
4 0.7328125 0.45 0.1875 0.278125