0 0.4984375 0.5 0.990625 0.996875
1 0.3296875 0.6078125 0.35625 0.696875
1 0.6046875 0.64296875 0.30625 0.7109375
2 0.64453125 0.35 0.0921875 0.071875
2 0.403125 0.3125 0.090625 0.05625
4 0.36015625 0.49453125 0.2390625 0.2328125
4 0.6140625 0.53125 0.234375 0.253125
4 0.6109375 0.76953125 0.215625 0.1796875
4 0.31796875 0.7109375 0.2140625 0.165625
4 0.359375 0.503125 0.225 0.065625
4 0.35 0.56015625 0.215625 0.0828125
4 0.6125 0.56328125 0.215625 0.0703125
4 0.61328125 0.6203125 0.2234375 0.071875
4 0.4859375 0.51875 0.490625 0.25625
4 0.61484375 0.44296875 0.2359375 0.0640625
4 0.3765625 0.4125 0.209375 0.065625