3 0.76015625 0.06796875 0.2828125 0.1359375
3 0.1921875 0.1203125 0.359375 0.240625
1 0.4859375 0.51796875 0.878125 0.6640625
1 0.6765625 0.33359375 0.325 0.4671875
2 0.10078125 0.32421875 0.1265625 0.0984375
2 0.05390625 0.0765625 0.0546875 0.05
4 0.67265625 0.315625 0.1828125 0.1875
4 0.66953125 0.6359375 0.3171875 0.15
4 0.40234375 0.41875 0.4546875 0.375
4 0.6734375 0.365625 0.15625 0.071875
4 0.44765625 0.48984375 0.3578125 0.2296875
4 0.50859375 0.53828125 0.2390625 0.1359375
4 0.4 0.43046875 0.284375 0.2109375