1 0.296875 0.47578125 0.4125 0.7390625
1 0.70859375 0.46796875 0.4328125 0.7578125
2 0.515625 0.88359375 0.121875 0.1296875
2 0.70390625 0.16015625 0.0953125 0.0546875
2 0.30625 0.19140625 0.0875 0.0515625
2 0.509375 0.51328125 0.834375 0.8515625
4 0.58671875 0.63828125 0.1765625 0.2171875
4 0.428125 0.6625 0.115625 0.15625
4 0.56640625 0.65078125 0.1109375 0.1390625
4 0.221875 0.5109375 0.2625 0.5375
4 0.396875 0.64765625 0.190625 0.2015625
4 0.38984375 0.421875 0.0703125 0.265625
4 0.57890625 0.3984375 0.1390625 0.346875
4 0.27890625 0.2875 0.1265625 0.265625
4 0.57734375 0.43671875 0.1109375 0.2046875
4 0.16875 0.4515625 0.159375 0.4125
4 0.3625 0.221875 0.209375 0.15
4 0.5671875 0.62890625 0.08125 0.0890625
4 0.85703125 0.403125 0.1359375 0.365625