1 0.4453125 0.6125 0.546875 0.7375
2 0.3796875 0.35 0.071875 0.0625
2 0.59296875 0.353125 0.0765625 0.05
2 0.2734375 0.75546875 0.053125 0.0328125
4 0.5828125 0.5890625 0.271875 0.271875
4 0.5734375 0.79375 0.2375 0.165625
4 0.48828125 0.9453125 0.0453125 0.1
4 0.56328125 0.6015625 0.1640625 0.2125
4 0.56875 0.5921875 0.0875 0.115625
4 0.60078125 0.7921875 0.1359375 0.115625
4 0.365625 0.471875 0.13125 0.271875
4 0.57421875 0.64140625 0.1390625 0.1109375
4 0.58203125 0.5046875 0.2796875 0.096875
4 0.5890625 0.77734375 0.096875 0.0765625