3 0.49296875 0.56015625 0.8171875 0.6796875
3 0.29921875 0.61484375 0.3640625 0.2328125
3 0.95390625 0.08671875 0.0859375 0.1609375
3 0.86171875 0.209375 0.1453125 0.11875
3 0.73203125 0.159375 0.1453125 0.134375
3 0.78046875 0.5578125 0.2703125 0.1875
1 0.35546875 0.70078125 0.5453125 0.4046875
1 0.70234375 0.653125 0.3984375 0.378125
1 0.54765625 0.190625 0.2515625 0.1375
1 0.8265625 0.2421875 0.340625 0.48125
1 0.709375 0.33046875 0.575 0.6609375
2 0.69765625 0.57890625 0.3109375 0.2296875
2 0.1953125 0.5796875 0.140625 0.1125
2 0.20078125 0.675 0.1796875 0.134375
2 0.790625 0.53359375 0.06875 0.0484375
2 0.77734375 0.6171875 0.1640625 0.13125
2 0.16171875 0.5890625 0.0640625 0.046875
2 0.74765625 0.52578125 0.2015625 0.1234375
2 0.2375 0.56796875 0.228125 0.1390625
4 0.6328125 0.62578125 0.171875 0.1328125
4 0.36875 0.66015625 0.225 0.1390625
4 0.49453125 0.75390625 0.1828125 0.0859375
4 0.56796875 0.18359375 0.0609375 0.0734375
4 0.490625 0.75234375 0.096875 0.0578125
4 0.68125 0.58203125 0.075 0.0453125
4 0.53671875 0.178125 0.1265625 0.084375
4 0.49765625 0.64296875 0.4484375 0.1703125