0 0.4984375 0.49921875 0.984375 0.9859375
1 0.38359375 0.4375 0.3484375 0.784375
1 0.68359375 0.496875 0.4171875 0.734375
2 0.4375 0.853125 0.096875 0.115625
2 0.259375 0.259375 0.059375 0.05
4 0.328125 0.4578125 0.125 0.253125
4 0.60078125 0.709375 0.0953125 0.209375
4 0.3640625 0.66953125 0.11875 0.1859375
4 0.32265625 0.44375 0.0984375 0.15
4 0.59765625 0.69765625 0.0671875 0.1171875
4 0.68515625 0.51875 0.1546875 0.234375
4 0.3421875 0.675 0.065625 0.109375
4 0.43671875 0.2453125 0.0703125 0.3375
4 0.32109375 0.4921875 0.1890625 0.54375
4 0.3640625 0.60546875 0.115625 0.0546875
4 0.32265625 0.4796875 0.0890625 0.059375
4 0.30078125 0.36953125 0.1609375 0.3140625
4 0.32734375 0.55390625 0.1046875 0.4046875