0 0.4984375 0.49921875 0.9875 0.9890625
1 0.64609375 0.41015625 0.4109375 0.7171875
1 0.3828125 0.5109375 0.34375 0.76875
2 0.3734375 0.10234375 0.121875 0.1109375
2 0.371875 0.1078125 0.103125 0.059375
2 0.278125 0.76953125 0.04375 0.0734375
4 0.7015625 0.41953125 0.215625 0.2890625
4 0.29296875 0.53359375 0.1296875 0.3078125
4 0.59296875 0.18984375 0.1296875 0.1796875
4 0.3125 0.2828125 0.175 0.20625
4 0.31015625 0.43828125 0.1734375 0.5140625
4 0.66328125 0.32421875 0.2953125 0.4828125
4 0.3328125 0.61328125 0.215625 0.4734375