1 0.3921875 0.5578125 0.45625 0.68125
1 0.5875 0.409375 0.640625 0.55
2 0.225 0.1875 0.109375 0.103125
2 0.76953125 0.57109375 0.0984375 0.0578125
2 0.50234375 0.78359375 0.0609375 0.0859375
2 0.62890625 0.15546875 0.0453125 0.0515625
2 0.2078125 0.1953125 0.0625 0.065625
4 0.74921875 0.45546875 0.2171875 0.2015625
4 0.396875 0.7515625 0.140625 0.259375
4 0.44140625 0.56875 0.1734375 0.24375
4 0.315625 0.36875 0.1125 0.209375
4 0.57734375 0.4484375 0.2421875 0.19375
4 0.44375 0.5734375 0.090625 0.125