0 0.4984375 0.49921875 0.990625 0.9921875
1 0.34453125 0.4671875 0.3203125 0.771875
1 0.66796875 0.45390625 0.3765625 0.7453125
1 0.490625 0.1484375 0.121875 0.24375
2 0.490625 0.08515625 0.11875 0.1171875
2 0.490625 0.090625 0.096875 0.0625
2 0.79296875 0.67890625 0.0421875 0.0765625
4 0.27890625 0.484375 0.1453125 0.309375
4 0.71171875 0.465625 0.2078125 0.3
4 0.62421875 0.234375 0.1546875 0.225
4 0.33515625 0.2234375 0.1515625 0.2125
4 0.30859375 0.38046875 0.2046875 0.5234375
4 0.67890625 0.37265625 0.2609375 0.4859375
4 0.2859375 0.45546875 0.103125 0.1890625