1 0.70078125 0.4109375 0.4140625 0.56875
1 0.34609375 0.53203125 0.6015625 0.7484375
2 0.4375 0.80390625 0.059375 0.1015625
2 0.53671875 0.625 0.0765625 0.06875
4 0.43125 0.51796875 0.36875 0.3109375
4 0.75703125 0.603125 0.1484375 0.175
4 0.33046875 0.4578125 0.1515625 0.159375
4 0.61953125 0.25546875 0.0796875 0.1703125
4 0.70390625 0.4140625 0.1234375 0.153125
4 0.22265625 0.31015625 0.0859375 0.1328125
4 0.71640625 0.434375 0.1984375 0.228125
4 0.45390625 0.7640625 0.1328125 0.225
4 0.3328125 0.4484375 0.1125 0.09375
4 0.3390625 0.7453125 0.225 0.271875
4 0.2296875 0.31640625 0.121875 0.1890625
4 0.46640625 0.56875 0.2171875 0.190625