0 0.49921875 0.49921875 0.9984375 0.9984375
1 0.31015625 0.57890625 0.4203125 0.6078125
1 0.51875 0.6890625 0.534375 0.56875
2 0.33984375 0.4484375 0.0515625 0.078125
2 0.37890625 0.41484375 0.1359375 0.1515625
4 0.28515625 0.584375 0.1859375 0.225
4 0.40625 0.66640625 0.0875 0.1515625
4 0.2328125 0.67265625 0.121875 0.1046875
4 0.31484375 0.521875 0.2703125 0.371875
4 0.28125 0.590625 0.140625 0.134375
4 0.70234375 0.46796875 0.0328125 0.0265625
4 0.5109375 0.59453125 0.296875 0.3609375
4 0.4484375 0.6765625 0.171875 0.2
4 0.57734375 0.54453125 0.1609375 0.2609375
4 0.2609375 0.6328125 0.175 0.178125
4 0.40390625 0.66796875 0.0515625 0.0734375