1 0.72421875 0.4484375 0.4578125 0.709375
1 0.39921875 0.54921875 0.7796875 0.6484375
2 0.26875 0.36328125 0.146875 0.0640625
2 0.71328125 0.26640625 0.0859375 0.0640625
2 0.66171875 0.26328125 0.1921875 0.0765625
4 0.8265625 0.65390625 0.14375 0.1578125
4 0.63984375 0.7125 0.2578125 0.15
4 0.64921875 0.72265625 0.1796875 0.1046875
4 0.7578125 0.4453125 0.23125 0.271875
4 0.82890625 0.6375 0.1078125 0.103125
4 0.5125 0.54609375 0.20625 0.2421875
4 0.69140625 0.80703125 0.0859375 0.0359375
4 0.25546875 0.4578125 0.2515625 0.2875
4 0.64140625 0.7203125 0.1140625 0.078125
4 0.82578125 0.43515625 0.1078125 0.2078125
4 0.7953125 0.64296875 0.240625 0.2140625
4 0.590625 0.60703125 0.346875 0.3578125
4 0.4984375 0.5328125 0.1375 0.178125
4 0.7125 0.675 0.3875 0.225