3 0.55234375 0.49921875 0.8890625 0.9984375
3 0.6953125 0.23046875 0.534375 0.4609375
1 0.5109375 0.72890625 0.803125 0.5390625
1 0.89140625 0.5890625 0.2140625 0.325
1 0.73046875 0.578125 0.5359375 0.353125
2 0.7265625 0.56328125 0.121875 0.0765625
2 0.496875 0.43828125 0.05625 0.0671875
2 0.7 0.55625 0.259375 0.146875
4 0.4609375 0.69375 0.296875 0.2125
4 0.44765625 0.665625 0.1140625 0.090625
4 0.42109375 0.69765625 0.1890625 0.1640625
4 0.425 0.8484375 0.159375 0.1125
4 0.26640625 0.8484375 0.1671875 0.096875
4 0.31953125 0.82890625 0.0578125 0.0515625
4 0.3828125 0.72890625 0.115625 0.0984375
4 0.890625 0.525 0.14375 0.1
4 0.4390625 0.66953125 0.078125 0.0578125
4 0.3703125 0.7484375 0.096875 0.065625
4 0.46328125 0.70390625 0.3296875 0.3921875
4 0.49453125 0.7859375 0.1578125 0.18125