0 0.4984375 0.5 0.990625 0.99375
1 0.3875 0.4640625 0.271875 0.584375
1 0.61875 0.50390625 0.275 0.5859375
2 0.39921875 0.30078125 0.0859375 0.0671875
2 0.39609375 0.3171875 0.1015625 0.11875
2 0.67421875 0.340625 0.0515625 0.04375
2 0.4 0.3015625 0.059375 0.0375
4 0.37109375 0.46875 0.1765625 0.215625
4 0.61640625 0.51015625 0.1734375 0.2140625
4 0.6046875 0.6703125 0.18125 0.146875
4 0.37421875 0.48671875 0.1359375 0.0828125
4 0.61953125 0.51015625 0.1234375 0.1234375
4 0.496875 0.48671875 0.425 0.2609375