1 0.3328125 0.46796875 0.34375 0.7640625
1 0.67578125 0.4609375 0.3578125 0.778125
2 0.51171875 0.8578125 0.0953125 0.115625
2 0.50859375 0.48046875 0.6953125 0.8140625
2 0.21640625 0.31484375 0.0578125 0.0546875
4 0.3875 0.6875 0.115625 0.1875
4 0.628125 0.68515625 0.103125 0.2015625
4 0.346875 0.57109375 0.196875 0.4390625
4 0.31171875 0.475 0.1171875 0.153125
4 0.63515625 0.66875 0.0703125 0.109375
4 0.69140625 0.475 0.1359375 0.2625
4 0.32421875 0.48828125 0.1546875 0.2828125
4 0.38046875 0.26640625 0.1234375 0.3265625
4 0.71328125 0.21328125 0.0921875 0.2515625
4 0.27578125 0.415625 0.1890625 0.278125
4 0.615625 0.25859375 0.096875 0.3296875
4 0.66640625 0.5609375 0.1796875 0.44375
4 0.38046875 0.65 0.0859375 0.053125
4 0.3796875 0.6921875 0.078125 0.11875