1 0.35546875 0.578125 0.3546875 0.83125
1 0.7125 0.57578125 0.36875 0.8421875
2 0.51875 0.57265625 0.778125 0.8484375
2 0.33359375 0.1234375 0.1796875 0.096875
2 0.68984375 0.19765625 0.2765625 0.0921875
2 0.11328125 0.20703125 0.1359375 0.1203125
2 0.36640625 0.20390625 0.2859375 0.0890625
2 0.60546875 0.04921875 0.1890625 0.0921875
4 0.72265625 0.50625 0.3078125 0.190625
4 0.346875 0.53125 0.303125 0.2125
4 0.6453125 0.49375 0.140625 0.11875
4 0.7421875 0.91875 0.30625 0.11875
4 0.3390625 0.921875 0.3 0.1375
4 0.2390625 0.49296875 0.084375 0.1046875
4 0.31015625 0.45078125 0.0765625 0.0421875
4 0.3390625 0.96484375 0.29375 0.0609375
4 0.3109375 0.484375 0.078125 0.109375
4 0.74921875 0.46875 0.0796875 0.115625
4 0.4203125 0.5171875 0.15 0.159375
4 0.534375 0.51875 0.6875 0.2125