0 0.47421875 0.6265625 0.6765625 0.4875
2 0.0625 0.05 0.05 0.034375
2 0.925 0.05 0.05 0.034375
2 0.190625 0.05 0.05 0.034375
2 0.7984375 0.05 0.05 0.034375
2 0.3171875 0.05 0.05 0.034375
2 0.0625 0.17578125 0.05 0.0359375
2 0.92890625 0.90078125 0.0515625 0.0359375
2 0.68671875 0.4265625 0.0484375 0.034375
2 0.18984375 0.17578125 0.0515625 0.0359375
2 0.92578125 0.17578125 0.0515625 0.0359375
2 0.9234375 0.3015625 0.05 0.034375
2 0.4328125 0.05 0.05 0.034375
2 0.559375 0.05 0.05 0.034375
2 0.56015625 0.17578125 0.0515625 0.0359375
2 0.68671875 0.05 0.0484375 0.034375
2 0.3171875 0.5515625 0.05 0.034375
2 0.7984375 0.17578125 0.05 0.0359375
2 0.0625 0.9015625 0.05 0.034375
2 0.4328125 0.17578125 0.05 0.0359375
2 0.0625 0.3015625 0.05 0.034375
2 0.92578125 0.4265625 0.0484375 0.034375
2 0.7984375 0.3015625 0.05 0.034375
2 0.3171875 0.17578125 0.05 0.0359375
2 0.8015625 0.9015625 0.05 0.034375
2 0.55625 0.3015625 0.05 0.034375
2 0.3140625 0.3015625 0.05 0.034375
2 0.68671875 0.175 0.0484375 0.034375
2 0.92578125 0.5515625 0.0515625 0.034375
2 0.68671875 0.9015625 0.0484375 0.034375
2 0.7984375 0.4265625 0.05 0.034375
2 0.0625 0.4265625 0.05 0.034375
2 0.92890625 0.775 0.0484375 0.034375
2 0.0625 0.5515625 0.05 0.034375
2 0.1875 0.3015625 0.05 0.034375
2 0.4328125 0.4265625 0.05 0.034375
2 0.06328125 0.678125 0.0484375 0.034375
2 0.1875 0.67734375 0.05 0.0328125
2 0.56015625 0.90078125 0.0515625 0.0359375
2 0.0625 0.775 0.05 0.034375
2 0.9234375 0.678125 0.05 0.034375
2 0.18984375 0.90078125 0.0515625 0.0359375
2 0.18984375 0.5515625 0.0515625 0.034375
2 0.31640625 0.4265625 0.0484375 0.034375
2 0.684375 0.3015625 0.05 0.034375
2 0.4328125 0.3015625 0.05 0.034375
2 0.4328125 0.9015625 0.05 0.034375
2 0.190625 0.4265625 0.05 0.034375
2 0.64609375 0.559375 0.1078125 0.0625
2 0.3171875 0.9015625 0.05 0.034375
2 0.4984375 0.48515625 0.984375 0.9609375
2 0.8046875 0.5515625 0.0375 0.034375
2 0.81171875 0.67578125 0.0234375 0.0328125
2 0.815625 0.77421875 0.021875 0.0328125
4 0.63125 0.64609375 0.3375 0.1640625
4 0.41484375 0.57265625 0.2359375 0.2265625
4 0.4734375 0.8046875 0.675 0.128125
4 0.66328125 0.6 0.2703125 0.075
4 0.5484375 0.575 0.5 0.30625
4 0.36484375 0.62734375 0.1359375 0.1171875
4 0.33515625 0.65234375 0.0765625 0.0703125
4 0.6015625 0.7125 0.053125 0.15
4 0.45 0.53515625 0.1625 0.1390625