0 0.49921875 0.49921875 0.9984375 0.9984375
1 0.51796875 0.6484375 0.8234375 0.51875
2 0.73828125 0.53828125 0.1546875 0.1015625
4 0.25546875 0.69765625 0.1921875 0.1546875
4 0.47421875 0.56953125 0.2734375 0.2671875
4 0.51796875 0.82421875 0.8234375 0.1671875
4 0.38515625 0.60078125 0.4515625 0.3484375
4 0.2703125 0.68828125 0.10625 0.0953125
4 0.23828125 0.70859375 0.1515625 0.0640625
4 0.60078125 0.87265625 0.6171875 0.0703125
4 0.52421875 0.659375 0.7328125 0.253125
4 0.68984375 0.67890625 0.1546875 0.2328125