0 0.50859375 0.53046875 0.8265625 0.7484375
1 0.30625 0.5296875 0.415625 0.73125
1 0.7125 0.52421875 0.4125 0.7296875
2 0.52421875 0.9078125 0.1109375 0.115625
2 0.32890625 0.27265625 0.0890625 0.0609375
2 0.67109375 0.26953125 0.0890625 0.0578125
2 0.184375 0.6890625 0.04375 0.05
4 0.4171875 0.50546875 0.140625 0.2953125
4 0.4578125 0.54453125 0.059375 0.2203125
4 0.57734375 0.5140625 0.0984375 0.253125
4 0.2859375 0.37109375 0.1125 0.2765625
4 0.50234375 0.50390625 0.2953125 0.2953125
4 0.3578125 0.4453125 0.25625 0.425
4 0.56796875 0.7359375 0.0921875 0.15
4 0.71484375 0.3515625 0.1171875 0.28125
4 0.34453125 0.59140625 0.2078125 0.1359375