0 0.33203125 0.9109375 0.2421875 0.171875
3 0.48984375 0.8296875 0.2359375 0.16875
3 0.2640625 0.74921875 0.19375 0.1796875
1 0.45546875 0.26328125 0.4234375 0.4640625
1 0.28203125 0.41484375 0.4328125 0.4609375
1 0.44140625 0.7953125 0.8796875 0.40625
1 0.70625 0.7796875 0.265625 0.146875
1 0.62734375 0.95078125 0.1984375 0.0953125
1 0.70234375 0.6703125 0.1921875 0.134375
1 0.79375 0.87734375 0.171875 0.1234375
4 0.43046875 0.38828125 0.7421875 0.7578125
4 0.7109375 0.79140625 0.121875 0.0765625
4 0.14609375 0.6515625 0.1171875 0.096875
4 0.31796875 0.46484375 0.1765625 0.1359375
4 0.63984375 0.978125 0.0921875 0.034375
4 0.41640625 0.56953125 0.1671875 0.1515625
4 0.15859375 0.8515625 0.0859375 0.0875
4 0.18125 0.31953125 0.23125 0.2734375