1 0.6140625 0.63359375 0.765625 0.7296875
1 0.31328125 0.384375 0.6265625 0.76875
2 0.75 0.259375 0.05 0.040625
2 0.8890625 0.1 0.21875 0.2
2 0.859375 0.334375 0.275 0.19375
4 0.63828125 0.62578125 0.3265625 0.2546875
4 0.2765625 0.35546875 0.359375 0.2765625
4 0.7328125 0.83125 0.053125 0.134375
4 0.34765625 0.40546875 0.2046875 0.1671875
4 0.39375 0.8734375 0.115625 0.165625
4 0.73671875 0.690625 0.1234375 0.121875
4 0.18125 0.29453125 0.1625 0.1203125
4 0.56015625 0.74140625 0.4953125 0.5015625
4 0.55546875 0.56015625 0.1265625 0.0953125
4 0.58046875 0.58125 0.2015625 0.15625
4 0.7375 0.76640625 0.11875 0.2703125
4 0.171875 0.80703125 0.34375 0.2703125
4 0.73125 0.840625 0.0875 0.178125