1 0.38984375 0.4859375 0.2609375 0.7875
1 0.646875 0.48671875 0.271875 0.7921875
2 0.534375 0.89765625 0.13125 0.1390625
2 0.52265625 0.5 0.5234375 0.828125
2 0.653125 0.24765625 0.0625 0.0984375
2 0.38515625 0.27265625 0.0546875 0.0890625
2 0.38828125 0.2671875 0.0765625 0.128125
2 0.64453125 0.23984375 0.0984375 0.1265625
2 0.53359375 0.8984375 0.1015625 0.0625
4 0.3875 0.48125 0.15 0.30625
4 0.64453125 0.4921875 0.1546875 0.3
4 0.63671875 0.72890625 0.2015625 0.2015625
4 0.39453125 0.73203125 0.1984375 0.2015625
4 0.6421875 0.5734375 0.196875 0.509375
4 0.39140625 0.57890625 0.1921875 0.5140625
4 0.51640625 0.484375 0.4140625 0.315625