0 0.5078125 0.53125 0.8125 0.746875
1 0.7046875 0.53046875 0.4125 0.7265625
1 0.30546875 0.52421875 0.4046875 0.7296875
2 0.50546875 0.91640625 0.1140625 0.1203125
2 0.33046875 0.2703125 0.0859375 0.065625
2 0.67265625 0.26953125 0.1015625 0.0609375
4 0.59375 0.496875 0.128125 0.284375
4 0.42734375 0.51953125 0.0921875 0.2421875
4 0.5578125 0.73671875 0.103125 0.1484375
4 0.4984375 0.72890625 0.303125 0.1734375
4 0.44375 0.73359375 0.109375 0.1390625
4 0.29296875 0.35234375 0.1078125 0.2890625
4 0.57734375 0.49296875 0.0859375 0.1890625
4 0.7171875 0.36171875 0.11875 0.2765625
4 0.209375 0.525 0.2125 0.45625
4 0.51328125 0.4796875 0.2921875 0.33125