1 0.62109375 0.3703125 0.4390625 0.65
1 0.38046875 0.4265625 0.3828125 0.659375
2 0.6265625 0.853125 0.11875 0.134375
4 0.28203125 0.1578125 0.0859375 0.121875
4 0.61484375 0.34453125 0.2546875 0.1609375
4 0.37578125 0.41171875 0.2421875 0.1078125
4 0.62890625 0.38046875 0.2359375 0.0953125
4 0.33125 0.29921875 0.25625 0.0953125
4 0.3828125 0.41171875 0.08125 0.0796875
4 0.38828125 0.45859375 0.2265625 0.0828125
4 0.4984375 0.38125 0.49375 0.2
4 0.3484375 0.3640625 0.309375 0.24375
4 0.56640625 0.190625 0.2171875 0.175