1 0.30859375 0.54765625 0.5109375 0.6984375
1 0.65390625 0.509375 0.4171875 0.734375
2 0.56796875 0.90234375 0.1109375 0.1171875
2 0.28046875 0.3140625 0.0953125 0.05625
2 0.61484375 0.24140625 0.0796875 0.0703125
4 0.5859375 0.490625 0.125 0.303125
4 0.546875 0.534375 0.046875 0.225
4 0.41171875 0.49921875 0.0953125 0.1421875
4 0.68984375 0.32578125 0.0921875 0.2765625
4 0.25234375 0.409375 0.1546875 0.265625
4 0.43125 0.55078125 0.1 0.1328125
4 0.42578125 0.53046875 0.1296875 0.2203125
4 0.3375 0.4703125 0.325 0.38125
4 0.49921875 0.50390625 0.2921875 0.2890625