1 0.45078125 0.640625 0.4921875 0.475
1 0.6578125 0.4796875 0.45625 0.509375
2 0.49921875 0.4984375 0.9953125 0.996875
2 0.78203125 0.79375 0.0390625 0.053125
2 0.29296875 0.09609375 0.0390625 0.0515625
2 0.36640625 0.2 0.0390625 0.053125
2 0.46953125 0.1265625 0.0390625 0.05
2 0.1890625 0.16953125 0.0375 0.0515625
2 0.24609375 0.89609375 0.0390625 0.0515625
2 0.6328125 0.165625 0.0375 0.05
2 0.7359375 0.09453125 0.0375 0.0515625
2 0.39765625 0.025 0.0390625 0.05
4 0.4453125 0.61953125 0.1875 0.1765625
4 0.66171875 0.46640625 0.1921875 0.1640625
4 0.56953125 0.34609375 0.0453125 0.0640625
4 0.70703125 0.4375 0.0984375 0.096875
4 0.6015625 0.5125 0.071875 0.0625
4 0.4984375 0.56640625 0.071875 0.0703125