1 0.65078125 0.5109375 0.4359375 0.96875
1 0.23359375 0.5171875 0.4296875 0.946875
2 0.47421875 0.9296875 0.0453125 0.040625
2 0.4875 0.50390625 0.959375 0.9828125
4 0.62734375 0.5328125 0.3390625 0.078125
4 0.23671875 0.5203125 0.3796875 0.103125
4 0.31171875 0.52890625 0.2171875 0.0671875
4 0.80859375 0.39296875 0.0734375 0.1453125
4 0.5234375 0.53203125 0.125 0.0671875
4 0.64765625 0.43046875 0.4171875 0.3359375
4 0.4234375 0.5265625 0.75625 0.10625
4 0.7328125 0.534375 0.125 0.06875
4 0.6234375 0.97109375 0.215625 0.0484375
4 0.2015625 0.9171875 0.2875 0.13125
4 0.6171875 0.91328125 0.30625 0.1578125