1 0.3171875 0.51953125 0.4125 0.7140625
1 0.6921875 0.51640625 0.39375 0.7234375
2 0.52421875 0.8890625 0.1046875 0.109375
2 0.3375 0.29140625 0.1 0.0671875
2 0.659375 0.26640625 0.084375 0.0671875
2 0.5015625 0.54453125 0.778125 0.7796875
4 0.42734375 0.5125 0.1203125 0.265625
4 0.58125 0.4875 0.096875 0.2875
4 0.43203125 0.7203125 0.1671875 0.165625
4 0.49921875 0.4953125 0.2671875 0.3
4 0.434375 0.58828125 0.1625 0.4296875
4 0.29375 0.3625 0.1125 0.278125
4 0.5796875 0.728125 0.109375 0.153125
4 0.4484375 0.7203125 0.10625 0.125