3 0.50546875 0.478125 0.9609375 0.840625
1 0.37734375 0.61953125 0.7078125 0.5578125
2 0.475 0.70703125 0.5125 0.3921875
2 0.17265625 0.34453125 0.1140625 0.0546875
2 0.340625 0.54375 0.065625 0.090625
4 0.78125 0.29765625 0.20625 0.1515625
4 0.58828125 0.296875 0.2171875 0.365625
4 0.603125 0.3578125 0.121875 0.175
4 0.70078125 0.2546875 0.3859375 0.275
4 0.61015625 0.18515625 0.0984375 0.1421875
4 0.26640625 0.26015625 0.3671875 0.1671875
4 0.46953125 0.54453125 0.0859375 0.1078125
4 0.775 0.3 0.128125 0.1
4 0.49609375 0.3140625 0.8359375 0.40625