0 0.4984375 0.5 0.9875 0.990625
1 0.32734375 0.540625 0.3234375 0.596875
1 0.6421875 0.5484375 0.31875 0.609375
2 0.4859375 0.546875 0.640625 0.615625
2 0.64296875 0.265625 0.1578125 0.034375
4 0.328125 0.4921875 0.28125 0.13125
4 0.6265625 0.496875 0.26875 0.128125
4 0.6421875 0.8234375 0.30625 0.0625
4 0.3234375 0.7578125 0.31875 0.1625
4 0.540625 0.47578125 0.096875 0.0734375
4 0.47421875 0.49453125 0.5765625 0.1359375
4 0.63984375 0.7828125 0.3140625 0.140625
4 0.32421875 0.8140625 0.3140625 0.053125
4 0.62734375 0.5234375 0.2546875 0.065625