0 0.49765625 0.5015625 0.9828125 0.984375
1 0.553125 0.6984375 0.503125 0.575
1 0.5390625 0.2484375 0.603125 0.41875
2 0.25625 0.66015625 0.5125 0.4203125
4 0.49296875 0.77890625 0.1828125 0.2015625
4 0.5109375 0.58828125 0.125 0.1765625
4 0.51640625 0.64921875 0.2296875 0.4640625
4 0.64296875 0.24609375 0.3015625 0.2109375
4 0.64375 0.68359375 0.146875 0.1359375
4 0.68515625 0.6390625 0.2296875 0.225
4 0.63984375 0.55390625 0.0390625 0.0640625
4 0.53515625 0.546875 0.1890625 0.26875
4 0.43203125 0.3296875 0.1140625 0.140625
4 0.67265625 0.1890625 0.2390625 0.096875