1 0.61484375 0.44375 0.2421875 0.85625
1 0.390625 0.45390625 0.23125 0.8578125
2 0.509375 0.9109375 0.109375 0.134375
2 0.40625 0.25 0.08125 0.053125
4 0.396875 0.48046875 0.165625 0.2609375
4 0.6078125 0.47421875 0.159375 0.2484375
4 0.39921875 0.71328125 0.1734375 0.1859375
4 0.61640625 0.696875 0.1765625 0.2
4 0.50546875 0.70234375 0.3921875 0.2015625
4 0.50078125 0.4765625 0.3796875 0.265625
4 0.6046875 0.38515625 0.190625 0.4453125
4 0.61484375 0.571875 0.1890625 0.45625
4 0.61640625 0.6984375 0.1234375 0.125
4 0.5078125 0.578125 0.421875 0.490625