0 0.57109375 0.65 0.8359375 0.68125
3 0.37265625 0.3109375 0.7359375 0.375
1 0.575 0.303125 0.325 0.353125
2 0.88828125 0.52890625 0.1078125 0.0671875
2 0.046875 0.32890625 0.09375 0.0578125
2 0.6890625 0.42890625 0.078125 0.0859375
2 0.05859375 0.30703125 0.1171875 0.1015625
4 0.5453125 0.6296875 0.33125 0.275
4 0.35234375 0.77890625 0.2109375 0.1359375
4 0.5421875 0.84140625 0.1125 0.0984375
4 0.35390625 0.77734375 0.1296875 0.1109375
4 0.53515625 0.6375 0.2359375 0.190625
4 0.5671875 0.6 0.13125 0.1125
4 0.4796875 0.6859375 0.4875 0.3875
4 0.42109375 0.7984375 0.3546875 0.1875