3 0.2265625 0.08046875 0.165625 0.1015625
3 0.07109375 0.1 0.1296875 0.08125
3 0.09375 0.209375 0.109375 0.184375
1 0.65625 0.66796875 0.290625 0.4171875
1 0.421875 0.70234375 0.2625 0.4296875
1 0.4484375 0.221875 0.1625 0.096875
1 0.3859375 0.06171875 0.1875 0.1234375
1 0.2671875 0.41640625 0.534375 0.8296875
1 0.04453125 0.5765625 0.0890625 0.14375
1 0.5234375 0.6109375 0.946875 0.759375
1 0.14453125 0.69609375 0.0828125 0.0828125
1 0.13984375 0.5875 0.1078125 0.1
4 0.64765625 0.61796875 0.1828125 0.0796875
4 0.44140625 0.65078125 0.1734375 0.0796875
4 0.63515625 0.6078125 0.2078125 0.159375
4 0.70078125 0.85234375 0.2046875 0.0515625
4 0.43046875 0.85390625 0.2484375 0.1296875
4 0.52578125 0.61328125 0.4265625 0.1578125
4 0.41875 0.61953125 0.221875 0.1390625
4 0.45234375 0.63671875 0.1390625 0.0484375
4 0.68671875 0.81796875 0.2328125 0.1171875
4 0.378125 0.54609375 0.159375 0.0453125
4 0.4453125 0.89296875 0.215625 0.0515625