1 0.6015625 0.553125 0.471875 0.725
1 0.36484375 0.43984375 0.4328125 0.7359375
2 0.30078125 0.85234375 0.1234375 0.1265625
2 0.72421875 0.3703125 0.0796875 0.075
2 0.7296875 0.80546875 0.04375 0.0546875
4 0.59765625 0.60078125 0.1671875 0.1796875
4 0.52421875 0.78359375 0.1984375 0.1796875
4 0.3328125 0.47421875 0.19375 0.2640625
4 0.31796875 0.4703125 0.1140625 0.13125
4 0.44609375 0.21953125 0.0984375 0.0828125
4 0.36796875 0.3953125 0.2640625 0.434375
4 0.50625 0.77421875 0.128125 0.1171875
4 0.37421875 0.55859375 0.0984375 0.1265625
4 0.384375 0.51171875 0.115625 0.2140625
4 0.63671875 0.5140625 0.2578125 0.375