1 0.34375 0.5625 0.521875 0.7
1 0.6859375 0.43203125 0.409375 0.8203125
2 0.64921875 0.88046875 0.1203125 0.1234375
2 0.48828125 0.478125 0.8109375 0.9125
4 0.7671875 0.403125 0.140625 0.3625
4 0.33359375 0.5609375 0.2203125 0.296875
4 0.4484375 0.76015625 0.14375 0.2171875
4 0.36875 0.6375 0.303125 0.4625
4 0.76171875 0.68828125 0.1234375 0.1765625
4 0.76953125 0.4203125 0.1234375 0.196875
4 0.31640625 0.55625 0.1421875 0.171875
4 0.765625 0.68203125 0.075 0.1078125
4 0.36328125 0.3515625 0.1765625 0.2625
4 0.45546875 0.77265625 0.1046875 0.1421875
4 0.459375 0.75625 0.078125 0.090625
4 0.6203125 0.2765625 0.096875 0.3
4 0.753125 0.49140625 0.2 0.5796875
4 0.71328125 0.66328125 0.2265625 0.2359375