0 0.52734375 0.51796875 0.5359375 0.8328125
1 0.3953125 0.528125 0.265625 0.803125
1 0.65859375 0.50859375 0.2640625 0.8109375
2 0.5375 0.91875 0.125 0.13125
2 0.37421875 0.2875 0.1015625 0.065625
2 0.6890625 0.2796875 0.090625 0.065625
2 0.54296875 0.91484375 0.1078125 0.0671875
4 0.39453125 0.459375 0.1796875 0.4625
4 0.66484375 0.44921875 0.1921875 0.4546875
4 0.65703125 0.76640625 0.2140625 0.1890625
4 0.4109375 0.78828125 0.171875 0.1703125
4 0.6703125 0.50234375 0.15625 0.2140625
4 0.65625 0.7640625 0.146875 0.1375
4 0.38984375 0.50859375 0.1546875 0.2171875