1 0.6359375 0.5015625 0.428125 0.965625
1 0.21875 0.46328125 0.43125 0.9265625
2 0.49375 0.49453125 0.98125 0.9890625
2 0.4859375 0.07734375 0.046875 0.0421875
2 0.6140625 0.059375 0.30625 0.084375
4 0.23125 0.46875 0.378125 0.0875
4 0.62265625 0.48046875 0.3421875 0.0890625
4 0.634375 0.6578125 0.4125 0.18125
4 0.21640625 0.66015625 0.4015625 0.1890625
4 0.7984375 0.6234375 0.06875 0.140625
4 0.41953125 0.475 0.7578125 0.10625
4 0.63828125 0.5625 0.3921875 0.278125
4 0.43125 0.66640625 0.840625 0.5171875