0 0.49921875 0.5765625 0.8296875 0.675
3 0.73984375 0.2 0.1859375 0.203125
3 0.903125 0.05703125 0.140625 0.1140625
3 0.3078125 0.62109375 0.4 0.2609375
1 0.37734375 0.70078125 0.5828125 0.4234375
1 0.7109375 0.6484375 0.40625 0.35
1 0.54765625 0.1375 0.2390625 0.171875
1 0.52109375 0.184375 0.2453125 0.125
1 0.69765625 0.37578125 0.5984375 0.7515625
1 0.903125 0.17421875 0.153125 0.1046875
1 0.87890625 0.4234375 0.1515625 0.090625
1 0.88046875 0.36796875 0.1484375 0.0984375
1 0.753125 0.37265625 0.1125 0.1140625
1 0.896875 0.2453125 0.15 0.084375
1 0.50390625 0.4734375 0.5328125 0.465625
2 0.7953125 0.578125 0.0875 0.04375
2 0.17421875 0.60234375 0.0796875 0.0484375
2 0.20390625 0.58671875 0.1765625 0.1203125
2 0.56796875 0.11484375 0.0453125 0.0421875
2 0.88359375 0.1671875 0.0859375 0.059375
2 0.77265625 0.5734375 0.2015625 0.096875
4 0.3875 0.6578125 0.24375 0.2
4 0.61328125 0.64140625 0.1828125 0.1390625
4 0.53203125 0.76875 0.1921875 0.096875
4 0.3640625 0.63828125 0.140625 0.1140625
4 0.446875 0.7109375 0.1125 0.084375
4 0.5578125 0.10390625 0.115625 0.0703125
4 0.5421875 0.7640625 0.109375 0.065625