1 0.70390625 0.5765625 0.5234375 0.84375
1 0.4515625 0.4109375 0.5375 0.821875
1 0.78984375 0.115625 0.1703125 0.15
1 0.95546875 0.29765625 0.0859375 0.1703125
2 0.6125 0.1390625 0.10625 0.0875
2 0.49453125 0.49921875 0.9703125 0.9984375
2 0.8671875 0.38828125 0.10625 0.0703125
2 0.27890625 0.0796875 0.2015625 0.159375
2 0.1015625 0.646875 0.090625 0.3125
2 0.8484375 0.81171875 0.0375 0.0484375
4 0.48515625 0.32890625 0.2984375 0.4296875
4 0.70234375 0.5546875 0.2546875 0.38125
4 0.62265625 0.84375 0.2296875 0.284375
4 0.46328125 0.35625 0.1828125 0.225
4 0.6875 0.61328125 0.190625 0.2171875
4 0.70625 0.55078125 0.16875 0.2171875
4 0.640625 0.8421875 0.153125 0.209375
4 0.584375 0.434375 0.490625 0.628125