1 0.384375 0.4578125 0.54375 0.815625
1 0.703125 0.459375 0.553125 0.828125
1 0.05 0.07109375 0.1 0.1421875
1 0.70625 0.03828125 0.184375 0.0765625
1 0.453125 0.03359375 0.184375 0.0671875
1 0.2265625 0.046875 0.20625 0.09375
1 0.153125 0.03984375 0.10625 0.0796875
2 0.3375 0.15546875 0.103125 0.0765625
2 0.6921875 0.1625 0.0875 0.08125
2 0.090625 0.928125 0.0625 0.059375
2 0.2765625 0.84453125 0.190625 0.1421875
2 0.059375 0.33359375 0.11875 0.2046875
2 0.9265625 0.10390625 0.134375 0.1140625
2 0.37265625 0.884375 0.3859375 0.225
2 0.9671875 0.48984375 0.05 0.0359375
4 0.3578125 0.4078125 0.353125 0.3625
4 0.6796875 0.415625 0.31875 0.34375
4 0.82734375 0.64453125 0.2046875 0.1890625
4 0.4890625 0.646875 0.19375 0.175
4 0.37421875 0.4375 0.2109375 0.2