0 0.51171875 0.4953125 0.7640625 0.85
2 0.29140625 0.3515625 0.1109375 0.1375
4 0.41328125 0.40234375 0.0703125 0.4171875
4 0.56796875 0.47109375 0.2078125 0.2609375
4 0.3859375 0.14765625 0.065625 0.0796875
4 0.52421875 0.40078125 0.2953125 0.4109375
4 0.6171875 0.534375 0.10625 0.128125
4 0.2953125 0.625 0.115625 0.240625
4 0.440625 0.63125 0.409375 0.2625
4 0.20703125 0.52578125 0.1265625 0.1203125
4 0.51328125 0.81953125 0.7578125 0.1796875
4 0.40859375 0.4953125 0.5265625 0.21875
4 0.4234375 0.884375 0.5625 0.040625
4 0.4125 0.259375 0.121875 0.31875