0 0.49921875 0.49921875 0.9984375 0.9984375
2 0.19140625 0.2875 0.1984375 0.1875
4 0.22265625 0.95625 0.2203125 0.040625
4 0.59765625 0.48515625 0.2390625 0.2734375
4 0.615625 0.64921875 0.2125 0.4140625
4 0.31875 0.04765625 0.084375 0.0765625
4 0.384375 0.18828125 0.209375 0.3671875
4 0.39453125 0.2671875 0.0953125 0.209375
4 0.66875 0.98046875 0.21875 0.0359375
4 0.203125 0.07734375 0.321875 0.1359375
4 0.6609375 0.7484375 0.109375 0.225
4 0.56015625 0.6515625 0.1015625 0.390625
4 0.5328125 0.3953125 0.371875 0.45625
4 0.4171875 0.9625 0.73125 0.071875
4 0.6390625 0.53359375 0.153125 0.1703125
4 0.13046875 0.60703125 0.2328125 0.3296875
4 0.36796875 0.47734375 0.7015625 0.2828125