0 0.49921875 0.49921875 0.9984375 0.9984375
2 0.190625 0.35625 0.14375 0.128125
4 0.803125 0.73046875 0.290625 0.1546875
4 0.6109375 0.6859375 0.184375 0.340625
4 0.81015625 0.64296875 0.2046875 0.0765625
4 0.23984375 0.59453125 0.4203125 0.2828125
4 0.44296875 0.44453125 0.2328125 0.3328125
4 0.2703125 0.4 0.13125 0.16875
4 0.37109375 0.97109375 0.7296875 0.0546875
4 0.54921875 0.68203125 0.0578125 0.3453125
4 0.4875 0.59765625 0.921875 0.5265625
4 0.5 0.8828125 0.996875 0.228125
4 0.51484375 0.5671875 0.3796875 0.575