0 0.49921875 0.49921875 0.9984375 0.9984375
2 0.2171875 0.39453125 0.184375 0.1859375
4 0.65859375 0.659375 0.1796875 0.384375
4 0.55859375 0.57890625 0.3828125 0.5390625
4 0.82890625 0.759375 0.2953125 0.184375
4 0.265625 0.64140625 0.49375 0.3296875
4 0.49609375 0.95859375 0.9921875 0.0796875
4 0.14921875 0.6765625 0.2671875 0.265625
4 0.271875 0.31171875 0.303125 0.3578125
4 0.8453125 0.7203125 0.2375 0.103125
4 0.49921875 0.8421875 0.9953125 0.128125
4 0.29296875 0.7078125 0.0578125 0.2
4 0.49765625 0.68046875 0.9765625 0.4484375