0 0.4984375 0.49921875 0.990625 0.9953125
2 0.21796875 0.36640625 0.1515625 0.1234375
4 0.815625 0.740625 0.275 0.121875
4 0.62734375 0.68671875 0.1703125 0.3234375
4 0.53359375 0.471875 0.3421875 0.359375
4 0.63125 0.56875 0.146875 0.165625
4 0.49765625 0.32890625 0.4140625 0.6515625
4 0.53359375 0.49375 0.0578125 0.13125
4 0.6546875 0.59375 0.1 0.115625
4 0.8234375 0.67109375 0.20625 0.0703125
4 0.57109375 0.68671875 0.0578125 0.3234375
4 0.58203125 0.52578125 0.2453125 0.2484375
4 0.4859375 0.43046875 0.165625 0.2640625
4 0.5140625 0.48203125 0.103125 0.1578125
4 0.5 0.8421875 0.98125 0.115625
4 0.14453125 0.64296875 0.1984375 0.3359375
4 0.25859375 0.609375 0.4234375 0.290625