0 0.4984375 0.496875 0.996875 0.99375
2 0.1984375 0.2734375 0.159375 0.196875
4 0.19453125 0.165625 0.3265625 0.23125
4 0.665625 0.48984375 0.5375 0.3609375
4 0.234375 0.55625 0.45 0.259375
4 0.28984375 0.31015625 0.1984375 0.2453125
4 0.209375 0.21953125 0.36875 0.4265625
4 0.55 0.45 0.303125 0.28125
4 0.64765625 0.70390625 0.1359375 0.2890625
4 0.4984375 0.88046875 0.99375 0.2140625
4 0.13515625 0.62265625 0.2515625 0.3828125
4 0.8140625 0.69375 0.278125 0.10625
4 0.621875 0.50703125 0.15625 0.1671875
4 0.47578125 0.403125 0.1578125 0.1875
4 0.38359375 0.9625 0.7546875 0.046875
4 0.5390625 0.64453125 0.090625 0.3984375