0 0.4984375 0.49453125 0.99375 0.9859375
2 0.2484375 0.29296875 0.14375 0.1984375
4 0.65625 0.7046875 0.134375 0.259375
4 0.3765625 0.7640625 0.065625 0.1
4 0.3609375 0.51171875 0.1375 0.1640625
4 0.38359375 0.5546875 0.1984375 0.25625
4 0.240625 0.6171875 0.4625 0.378125
4 0.4171875 0.9578125 0.65625 0.053125
4 0.071875 0.60234375 0.134375 0.1421875
4 0.53671875 0.865625 0.9171875 0.228125
4 0.33359375 0.62265625 0.1796875 0.3828125
4 0.08984375 0.63359375 0.1703125 0.2828125
4 0.36328125 0.56484375 0.7078125 0.5296875