0 0.49921875 0.496875 0.9921875 0.990625
3 0.2609375 0.3609375 0.446875 0.71875
2 0.1953125 0.28671875 0.171875 0.1515625
4 0.66640625 0.4796875 0.5203125 0.38125
4 0.6671875 0.7078125 0.109375 0.278125
4 0.25546875 0.54296875 0.4546875 0.3640625
4 0.31171875 0.4890625 0.1609375 0.109375
4 0.39765625 0.2375 0.0953125 0.28125
4 0.49921875 0.871875 0.9921875 0.23125
4 0.825 0.62734375 0.2 0.0828125
4 0.27265625 0.678125 0.0859375 0.275
4 0.1984375 0.41796875 0.334375 0.1265625
4 0.49453125 0.9625 0.9859375 0.059375
4 0.621875 0.64921875 0.2 0.3921875