0 0.49765625 0.496875 0.9890625 0.9875
1 0.1015625 0.55390625 0.196875 0.5703125
2 0.2734375 0.353125 0.14375 0.178125
4 0.2421875 0.209375 0.2375 0.2125
4 0.5765625 0.47265625 0.2875 0.3015625
4 0.42265625 0.096875 0.0671875 0.128125
4 0.8203125 0.6453125 0.225 0.165625
4 0.06015625 0.55078125 0.1078125 0.0703125
4 0.0640625 0.8 0.05 0.05625
4 0.1015625 0.44375 0.16875 0.159375
4 0.68046875 0.51953125 0.5046875 0.4109375
4 0.23671875 0.559375 0.1140625 0.15
4 0.54453125 0.871875 0.8953125 0.225