0 0.4984375 0.49921875 0.99375 0.9953125
2 0.1875 0.33515625 0.1625 0.1671875
4 0.22734375 0.58203125 0.4359375 0.2390625
4 0.653125 0.746875 0.134375 0.2125
4 0.63203125 0.55234375 0.1515625 0.1671875
4 0.5109375 0.45234375 0.096875 0.1734375
4 0.81171875 0.72109375 0.2609375 0.1046875
4 0.4046875 0.32421875 0.128125 0.2328125
4 0.59765625 0.6609375 0.2296875 0.384375
4 0.5359375 0.7265625 0.103125 0.24375
4 0.52421875 0.421875 0.3671875 0.428125
4 0.25546875 0.69296875 0.0890625 0.2578125
4 0.4984375 0.84375 0.99375 0.10625
4 0.58359375 0.49921875 0.2484375 0.2703125
4 0.12578125 0.6625 0.2328125 0.31875
4 0.19921875 0.20234375 0.3265625 0.1953125