0 0.49921875 0.49921875 0.9984375 0.9984375
1 0.2265625 0.3125 0.384375 0.375
2 0.21328125 0.38203125 0.1578125 0.1265625
4 0.57109375 0.4734375 0.2984375 0.29375
4 0.1375 0.67109375 0.240625 0.3109375
4 0.28671875 0.43125 0.1328125 0.14375
4 0.5484375 0.59296875 0.378125 0.5390625
4 0.83671875 0.73359375 0.2578125 0.1109375
4 0.4984375 0.96171875 0.996875 0.0734375
4 0.83828125 0.6578125 0.2015625 0.065625
4 0.4984375 0.890625 0.996875 0.2125
4 0.6484375 0.68359375 0.171875 0.3578125
4 0.253125 0.6015625 0.46875 0.28125
4 0.53515625 0.45 0.1234375 0.196875