0 0.49921875 0.49921875 0.9984375 0.9984375
2 0.18671875 0.41796875 0.1578125 0.1703125
4 0.8125 0.74296875 0.2875 0.1265625
4 0.5765625 0.5078125 0.259375 0.265625
4 0.61171875 0.6828125 0.2109375 0.35625
4 0.4578125 0.32109375 0.49375 0.6390625
4 0.27265625 0.7671875 0.0390625 0.115625
4 0.49921875 0.971875 0.9984375 0.053125
4 0.23515625 0.62734375 0.4546875 0.3078125
4 0.33046875 0.5546875 0.1828125 0.159375
4 0.4078125 0.309375 0.1375 0.265625
4 0.5046875 0.46875 0.096875 0.178125
4 0.49921875 0.890625 0.9984375 0.20625