0 0.49921875 0.49921875 0.9984375 0.9984375
2 0.184375 0.32890625 0.165625 0.1734375
4 0.8203125 0.72734375 0.26875 0.1296875
4 0.2296875 0.57109375 0.44375 0.2859375
4 0.5515625 0.64375 0.071875 0.275
4 0.521875 0.59375 0.384375 0.525
4 0.26796875 0.36796875 0.1921875 0.1890625
4 0.64140625 0.746875 0.1265625 0.23125
4 0.84296875 0.71171875 0.2109375 0.0703125
4 0.48359375 0.60859375 0.9546875 0.4984375
4 0.21015625 0.26328125 0.3640625 0.4046875
4 0.3796875 0.96484375 0.740625 0.0671875
4 0.49921875 0.89140625 0.9984375 0.2078125