0 0.49765625 0.5 0.9921875 0.990625
2 0.14296875 0.3484375 0.1296875 0.1625
2 0.20625 0.91015625 0.159375 0.0859375
4 0.3375 0.1484375 0.075 0.128125
4 0.640625 0.77890625 0.090625 0.1609375
4 0.19453125 0.67578125 0.1890625 0.3140625
4 0.45078125 0.60078125 0.1640625 0.4734375
4 0.41796875 0.459375 0.2421875 0.75
4 0.4984375 0.890625 0.990625 0.19375
4 0.24921875 0.72578125 0.0796875 0.2140625
4 0.46328125 0.61484375 0.8921875 0.4421875
4 0.6359375 0.56875 0.528125 0.396875
4 0.4984375 0.95546875 0.99375 0.0796875
4 0.4453125 0.4953125 0.15 0.253125
4 0.778125 0.76328125 0.2375 0.0890625
4 0.59609375 0.4453125 0.6078125 0.725