0 0.49921875 0.49921875 0.9984375 0.9984375
2 0.20234375 0.32734375 0.1734375 0.1828125
2 0.28125 0.428125 0.096875 0.084375
4 0.13671875 0.64140625 0.2515625 0.3578125
4 0.67421875 0.75234375 0.1140625 0.2109375
4 0.62578125 0.67578125 0.2015625 0.3546875
4 0.82421875 0.72265625 0.2546875 0.1421875
4 0.54375 0.60703125 0.3625 0.4890625
4 0.834375 0.67734375 0.19375 0.0609375
4 0.56796875 0.67734375 0.0828125 0.3515625
4 0.3703125 0.6171875 0.71875 0.48125
4 0.278125 0.6890625 0.078125 0.271875
4 0.4984375 0.84765625 0.996875 0.1078125