0 0.4984375 0.49921875 0.990625 0.9859375
4 0.60234375 0.659375 0.1890625 0.371875
4 0.19765625 0.2734375 0.3390625 0.265625
4 0.80390625 0.66484375 0.2515625 0.1921875
4 0.47265625 0.9609375 0.9265625 0.053125
4 0.2875 0.42265625 0.2 0.2703125
4 0.5046875 0.5796875 0.3875 0.525
4 0.2578125 0.63984375 0.359375 0.2140625
4 0.54140625 0.65859375 0.0640625 0.3703125
4 0.49921875 0.87578125 0.9890625 0.2078125
4 0.4421875 0.45625 0.2625 0.2625
4 0.7171875 0.659375 0.41875 0.371875
4 0.621875 0.49765625 0.615625 0.6828125