0 0.4984375 0.49921875 0.996875 0.9984375
2 0.37421875 0.64765625 0.2703125 0.2765625
2 0.1859375 0.42109375 0.14375 0.1515625
2 0.2859375 0.64453125 0.09375 0.1671875
4 0.259375 0.634375 0.503125 0.3
4 0.13125 0.5828125 0.24375 0.171875
4 0.453125 0.340625 0.2 0.3125
4 0.66953125 0.53203125 0.0453125 0.1203125
4 0.49765625 0.87890625 0.9953125 0.2359375
4 0.49921875 0.96171875 0.9984375 0.0734375
4 0.496875 0.8359375 0.99375 0.10625
4 0.41328125 0.2984375 0.1171875 0.225
4 0.52734375 0.3859375 0.3515625 0.40625