0 0.49375 0.4953125 0.984375 0.9875
2 0.2015625 0.40390625 0.16875 0.1796875
4 0.55625 0.6625 0.05 0.346875
4 0.57265625 0.484375 0.2390625 0.25625
4 0.615625 0.64375 0.175 0.38125
4 0.5890625 0.5203125 0.09375 0.15
4 0.49375 0.8828125 0.978125 0.203125
4 0.13828125 0.66875 0.2390625 0.265625
4 0.83203125 0.88984375 0.3015625 0.1609375
4 0.8015625 0.7140625 0.259375 0.103125
4 0.4953125 0.83984375 0.971875 0.1015625
4 0.66328125 0.703125 0.0890625 0.265625
4 0.5046875 0.45390625 0.096875 0.1953125
4 0.69453125 0.59375 0.4859375 0.478125