0 0.4984375 0.49921875 0.996875 0.9984375
2 0.1953125 0.3515625 0.15625 0.134375
2 0.2328125 0.30625 0.3875 0.38125
4 0.6234375 0.66796875 0.18125 0.3609375
4 0.1296875 0.67734375 0.221875 0.2890625
4 0.81328125 0.7171875 0.2703125 0.13125
4 0.4578125 0.3859375 0.2125 0.31875
4 0.56484375 0.66484375 0.0640625 0.3609375
4 0.40859375 0.3046875 0.3078125 0.484375
4 0.48125 0.43671875 0.46875 0.8234375
4 0.50078125 0.4484375 0.1171875 0.190625
4 0.4984375 0.87734375 0.996875 0.2421875
4 0.37265625 0.96796875 0.7359375 0.0609375