0 0.49921875 0.49921875 0.9984375 0.9953125
2 0.2078125 0.31328125 0.175 0.1953125
2 0.2078125 0.31015625 0.115625 0.1296875
4 0.67578125 0.721875 0.1171875 0.234375
4 0.82734375 0.72265625 0.2515625 0.1203125
4 0.5046875 0.453125 0.225 0.21875
4 0.6265625 0.6671875 0.2 0.34375
4 0.37578125 0.6 0.7140625 0.478125
4 0.5 0.83359375 0.99375 0.1078125
4 0.13515625 0.5921875 0.2359375 0.41875
4 0.24453125 0.54921875 0.4515625 0.3453125
4 0.4984375 0.96875 0.996875 0.059375
4 0.56640625 0.68671875 0.0734375 0.2984375
4 0.55859375 0.590625 0.3359375 0.49375