0 0.50234375 0.5 0.9859375 0.9875
2 0.16015625 0.38671875 0.1421875 0.1328125
2 0.20703125 0.3109375 0.3484375 0.409375
4 0.525 0.48984375 0.35625 0.2296875
4 0.175 0.5171875 0.303125 0.140625
4 0.63203125 0.546875 0.6046875 0.35
4 0.24765625 0.596875 0.4484375 0.290625
4 0.6078125 0.67578125 0.21875 0.3703125
4 0.77734375 0.6484375 0.1328125 0.065625
4 0.50546875 0.871875 0.9796875 0.23125
4 0.2375 0.72109375 0.090625 0.2453125
4 0.36953125 0.34375 0.0859375 0.184375
4 0.5390625 0.6703125 0.08125 0.371875
4 0.26015625 0.5265625 0.1328125 0.128125
4 0.44296875 0.3546875 0.5140625 0.503125
4 0.15234375 0.675 0.2578125 0.33125
4 0.48203125 0.6484375 0.9171875 0.415625