0 0.49453125 0.4984375 0.9890625 0.996875
2 0.209375 0.39609375 0.1625 0.1734375
4 0.49375 0.88984375 0.984375 0.2046875
4 0.67109375 0.7421875 0.1046875 0.2125
4 0.5859375 0.49375 0.23125 0.265625
4 0.7890625 0.64140625 0.096875 0.0828125
4 0.49921875 0.965625 0.9953125 0.0625
4 0.1515625 0.67578125 0.240625 0.2828125
4 0.51875 0.4453125 0.1 0.175
4 0.26328125 0.5984375 0.4609375 0.30625
4 0.5671875 0.6703125 0.071875 0.353125
4 0.35234375 0.5234375 0.1828125 0.171875
4 0.6359375 0.55625 0.134375 0.14375
4 0.82578125 0.64140625 0.1765625 0.0921875
4 0.62578125 0.66484375 0.1890625 0.3640625
4 0.2921875 0.715625 0.059375 0.221875
4 0.64765625 0.4703125 0.5328125 0.453125
4 0.57265625 0.3609375 0.6921875 0.7