0 0.49921875 0.4984375 0.9984375 0.996875
2 0.20078125 0.390625 0.1453125 0.121875
2 0.48984375 0.96875 0.9796875 0.059375
4 0.675 0.7203125 0.103125 0.246875
4 0.53046875 0.6125 0.3796875 0.453125
4 0.1390625 0.67109375 0.209375 0.3140625
4 0.8203125 0.72890625 0.290625 0.1140625
4 0.453125 0.5078125 0.225 0.196875
4 0.56171875 0.671875 0.0578125 0.346875
4 0.41953125 0.33359375 0.1796875 0.2921875
4 0.2046875 0.734375 0.078125 0.1875
4 0.27421875 0.43203125 0.1296875 0.1609375
4 0.62578125 0.6765625 0.1890625 0.334375
4 0.50078125 0.91484375 0.9921875 0.1546875