0 0.4984375 0.496875 0.996875 0.990625
2 0.175 0.390625 0.153125 0.184375
2 0.44453125 0.9953125 0.0921875 0.00625
2 0.56171875 0.9953125 0.0453125 0.00625
4 0.23203125 0.59296875 0.4578125 0.2328125
4 0.58359375 0.453125 0.2546875 0.259375
4 0.6671875 0.6796875 0.096875 0.271875
4 0.5265625 0.396875 0.36875 0.371875
4 0.5484375 0.63828125 0.05625 0.3703125
4 0.39609375 0.29296875 0.1078125 0.1640625
4 0.4984375 0.86171875 0.99375 0.2515625
4 0.6265625 0.50234375 0.165625 0.1609375
4 0.61640625 0.621875 0.1953125 0.403125
4 0.49296875 0.94296875 0.9859375 0.1015625