0 0.4984375 0.49921875 0.996875 0.9984375
2 0.178125 0.29453125 0.15 0.1703125
2 0.2078125 0.259375 0.35 0.396875
4 0.51953125 0.3921875 0.3734375 0.4375
4 0.6484375 0.72265625 0.128125 0.2515625
4 0.63359375 0.52734375 0.1421875 0.1640625
4 0.53359375 0.75859375 0.0765625 0.1859375
4 0.51875 0.43125 0.09375 0.175
4 0.603125 0.6484375 0.2125 0.40625
4 0.31875 0.053125 0.1 0.1
4 0.8140625 0.66640625 0.275 0.1765625
4 0.4984375 0.83203125 0.996875 0.1359375
4 0.82109375 0.62734375 0.2234375 0.0921875
4 0.6375 0.5078125 0.625 0.678125
4 0.49453125 0.39765625 0.1484375 0.2453125
4 0.4859375 0.4265625 0.428125 0.84375