0 0.49921875 0.4984375 0.9953125 0.996875
2 0.20625 0.38828125 0.171875 0.1671875
4 0.56796875 0.66015625 0.0578125 0.3640625
4 0.22109375 0.26640625 0.3609375 0.2703125
4 0.62890625 0.65234375 0.1859375 0.3828125
4 0.82578125 0.7234375 0.2578125 0.128125
4 0.31484375 0.42109375 0.1984375 0.2546875
4 0.26015625 0.6078125 0.4765625 0.284375
4 0.4984375 0.884375 0.99375 0.2125
4 0.1390625 0.66328125 0.2375 0.2671875
4 0.68515625 0.72109375 0.0953125 0.2484375
4 0.59296875 0.49921875 0.2421875 0.2796875
4 0.39375 0.96015625 0.771875 0.0703125
4 0.27265625 0.6984375 0.0578125 0.2125